0 0.6873 0.8666 0.5743 0.2017 0.2147 
0 0.6715 0.6556 0.5484 0.0807 0.0952 
0 0.5446 0.9708 0.6489 0.0569 0.301 
0 0.54 0.5696 0.5245 0.0405 0.0653 
0 0.4676 0.0359 0.5039 0.0686 0.087 
0 0.4434 0.7418 0.5548 0.1041 0.1425 
0 0.4173 0.1971 0.5057 0.08 0.0666 
0 0.387 0.5889 0.5425 0.0371 0.0646 
0 0.3425 0.5011 0.5067 0.0191 0.0349 
0 0.3228 0.7231 0.4206 0.1679 0.4216 
0 0.3153 0.1155 0.5005 0.0782 0.063 
0 0.2997 0.3477 0.4976 0.0232 0.0303 
0 0.2856 0.7996 0.5242 0.1773 0.2153 
0 0.2705 0.4234 0.497 0.0166 0.0268 
0 0.2512 0.2708 0.5006 0.0345 0.0337 
