0 0.7107 0.4082 0.4976 0.2252 0.3095 
0 0.6895 0.2009 0.4425 0.1542 0.1715 
0 0.6839 0.5551 0.4734 0.0986 0.1415 
0 0.6303 0.1053 0.5667 0.1625 0.3646 
0 0.5418 0.0411 0.573 0.076 0.376 
0 0.4327 0.2746 0.4248 0.0512 0.0824 
0 0.4053 0.1091 0.4222 0.0538 0.075 
0 0.3746 0.2706 0.421 0.0284 0.0523 
0 0.3652 0.5139 0.4339 0.0607 0.1109 
0 0.3483 0.3287 0.4155 0.0384 0.0612 
0 0.3468 0.5003 0.4216 0.0242 0.0476 
0 0.3303 0.0373 0.4275 0.0683 0.0923 
0 0.3278 0.3443 0.415 0.0277 0.0447 
0 0.3255 0.0401 0.4364 0.0801 0.2176 
0 0.2739 0.5092 0.4712 0.0423 0.0945 
