0 0.6729 0.1028 0.4367 0.1494 0.1679 
0 0.5768 0.8706 0.6625 0.2572 0.4435 
0 0.5368 0.7302 0.4375 0.2007 0.1293 
0 0.481 0.5019 0.4003 0.0547 0.0692 
0 0.4535 0.5715 0.4262 0.1043 0.1195 
0 0.4167 0.1868 0.4167 0.0612 0.0816 
0 0.398 0.4252 0.3937 0.0442 0.0551 
0 0.3975 0.0463 0.4767 0.073 0.2236 
0 0.3704 0.5674 0.4206 0.0635 0.075 
0 0.3515 0.5002 0.4057 0.0288 0.0445 
0 0.343 0.7952 0.4371 0.1591 0.1066 
0 0.3269 0.4928 0.3796 0.0352 0.0369 
0 0.3262 0.8054 0.4282 0.0865 0.065 
0 0.2883 0.8031 0.4899 0.2053 0.1454 
0 0.2857 0.6431 0.4303 0.1482 0.1254 
0 0.2754 0.2679 0.3982 0.0461 0.0463 
0 0.2601 0.3566 0.3747 0.0323 0.0427 
0 0.2536 0.7328 0.5029 0.2963 0.2653 
