0 0.8155 0.0985 0.5768 0.1959 0.3723 
0 0.7327 0.2511 0.4895 0.1763 0.2032 
0 0.7041 0.4408 0.4965 0.1388 0.2326 
0 0.6256 0.6417 0.5097 0.1427 0.2133 
0 0.6122 0.8019 0.5897 0.2771 0.3597 
0 0.475 0.3542 0.4322 0.0523 0.0888 
0 0.474 0.3472 0.4761 0.0528 0.0991 
0 0.4404 0.5772 0.4851 0.0875 0.1759 
0 0.4317 0.5739 0.4781 0.0484 0.1163 
0 0.3858 0.5681 0.4356 0.0475 0.0839 
0 0.3446 0.7373 0.4244 0.0629 0.0657 
0 0.3124 0.207 0.4415 0.1539 0.1852 
0 0.3102 0.5756 0.4275 0.0289 0.0486 
0 0.3061 0.3479 0.4247 0.0284 0.054 
0 0.2977 0.5108 0.4166 0.0359 0.0667 
0 0.2826 0.4996 0.417 0.0251 0.0467 
0 0.2585 0.4222 0.4152 0.0247 0.0398 
