0 0.7907 0.7143 0.4425 0.2529 0.2751 
0 0.5852 0.5701 0.4139 0.0957 0.1607 
0 0.5745 0.1061 0.5875 0.2043 0.4447 
0 0.5526 0.899 0.4137 0.1252 0.1631 
0 0.5106 0.1078 0.3463 0.2058 0.3912 
0 0.4905 0.4125 0.3514 0.2583 0.4395 
0 0.3884 0.8831 0.4159 0.0748 0.1058 
0 0.378 0.8083 0.361 0.0678 0.0805 
0 0.3497 0.3468 0.3657 0.3764 0.7314 
0 0.3306 0.949 0.4169 0.0856 0.2212 
0 0.3083 0.5122 0.4129 0.101 0.1525 
0 0.3077 0.6463 0.4259 0.1198 0.2076 
0 0.3012 0.8245 0.4059 0.0554 0.0947 
0 0.2965 0.5798 0.3575 0.0514 0.0752 
0 0.2864 0.6437 0.3391 0.0481 0.0576 
0 0.2835 0.5138 0.4121 0.0514 0.0979 
