0 0.6877 0.1077 0.5838 0.1964 0.128 
0 0.6057 0.2628 0.5618 0.1004 0.0882 
0 0.561 0.8768 0.5944 0.1681 0.1005 
0 0.4811 0.7323 0.5864 0.0659 0.0641 
0 0.4703 0.1781 0.5652 0.1214 0.1089 
0 0.4636 0.7985 0.5913 0.0824 0.0696 
0 0.3962 0.6612 0.5703 0.0516 0.0523 
0 0.3449 0.0361 0.5789 0.0722 0.1137 
0 0.296 0.8796 0.5852 0.1003 0.0588 
0 0.2862 0.5784 0.5635 0.0275 0.0242 
0 0.2734 0.425 0.5629 0.0333 0.0309 
0 0.2718 0.5019 0.5636 0.0301 0.0261 
0 0.2546 0.9634 0.585 0.0489 0.0591 
0 0.2514 0.8066 0.5825 0.0439 0.0371 
