0 0.8303 0.8009 0.5826 0.2173 0.2174 
0 0.6852 0.1725 0.5836 0.1662 0.1061 
0 0.6758 0.9717 0.7214 0.0461 0.5544 
0 0.6401 0.4447 0.5537 0.076 0.1163 
0 0.6236 0.7106 0.5639 0.0727 0.1311 
0 0.5572 0.0313 0.7258 0.0625 0.3884 
0 0.5153 0.6554 0.5442 0.0498 0.0766 
0 0.4267 0.1754 0.427 0.2105 0.4843 
0 0.4143 0.4985 0.5462 0.0455 0.0694 
0 0.4086 0.5718 0.5449 0.0512 0.0702 
0 0.3888 0.5067 0.5308 0.0279 0.0442 
0 0.3476 0.5008 0.5523 0.0222 0.0532 
0 0.3049 0.0363 0.5775 0.0618 0.0801 
0 0.3046 0.117 0.5827 0.1033 0.0797 
0 0.2985 0.6546 0.5226 0.0249 0.0494 
0 0.2732 0.6533 0.5512 0.023 0.0624 
0 0.2709 0.7083 0.5312 0.0472 0.0652 
0 0.2706 0.5778 0.5204 0.0183 0.0303 
