0 0.8318 0.1191 0.6686 0.2381 0.3322 
0 0.7657 0.8875 0.6565 0.2234 0.2749 
0 0.6977 0.3385 0.5993 0.1281 0.1185 
0 0.6574 0.7301 0.6287 0.1186 0.1413 
0 0.5399 0.6511 0.5942 0.1062 0.1464 
0 0.4172 0.8117 0.6529 0.1443 0.1873 
0 0.4046 0.4281 0.5947 0.0995 0.1226 
0 0.396 0.5768 0.5781 0.0279 0.0479 
0 0.3365 0.2683 0.5857 0.0726 0.0638 
0 0.3255 0.6647 0.6239 0.0627 0.1032 
0 0.2956 0.4243 0.5747 0.031 0.0348 
0 0.2916 0.5757 0.5769 0.0468 0.1007 
0 0.2723 0.5009 0.5714 0.0256 0.0348 
0 0.2651 0.1985 0.5759 0.0596 0.0483 
0 0.2626 0.4922 0.5803 0.0667 0.1 
