0 0.8173 0.9081 0.7395 0.1818 0.3923 
0 0.5859 0.7924 0.6623 0.1026 0.1631 
0 0.5006 0.194 0.6053 0.1331 0.1128 
0 0.4938 0.6411 0.6066 0.0467 0.0785 
0 0.4912 0.2722 0.6045 0.0751 0.0809 
0 0.4585 0.6646 0.6232 0.0484 0.077 
0 0.4574 0.3448 0.5952 0.0428 0.0545 
0 0.4518 0.5776 0.5927 0.0246 0.041 
0 0.4298 0.7338 0.6436 0.0613 0.1041 
0 0.4185 0.1871 0.6242 0.0845 0.0676 
0 0.3251 0.424 0.5805 0.0225 0.0308 
0 0.3075 0.5006 0.5818 0.0204 0.0276 
0 0.2625 0.1229 0.6296 0.0795 0.0538 
0 0.2601 0.5837 0.6178 0.0318 0.0473 
