0 0.7532 0.1082 0.5002 0.2022 0.3522 
0 0.591 0.6587 0.5505 0.0998 0.1173 
0 0.5026 0.2685 0.5464 0.058 0.0605 
0 0.4889 0.3407 0.5441 0.0503 0.0605 
0 0.4579 0.5784 0.5497 0.0575 0.0786 
0 0.442 0.5079 0.5449 0.0416 0.0625 
0 0.4146 0.2006 0.5563 0.07 0.0698 
0 0.3961 0.4971 0.529 0.0369 0.0618 
0 0.3855 0.5732 0.5216 0.0888 0.1284 
0 0.3162 0.2755 0.5268 0.0902 0.0992 
0 0.3102 0.577 0.5568 0.0263 0.0552 
0 0.3026 0.1109 0.5654 0.1524 0.1837 
0 0.3017 0.426 0.5421 0.0332 0.0443 
0 0.2707 0.4237 0.5202 0.0204 0.0325 
