0 0.8084 0.8612 0.6554 0.2761 0.4302 
0 0.7512 0.1031 0.5905 0.2061 0.3121 
0 0.5692 0.2074 0.5798 0.0736 0.1279 
0 0.5605 0.5034 0.5641 0.078 0.0812 
0 0.4671 0.2706 0.5625 0.0599 0.0767 
0 0.393 0.2702 0.5646 0.0292 0.0525 
0 0.3383 0.5691 0.5666 0.0612 0.0615 
0 0.3301 0.4218 0.5572 0.05 0.0553 
0 0.3148 0.4244 0.5625 0.0285 0.0385 
0 0.3101 0.0546 0.6443 0.0955 0.3317 
0 0.3064 0.5779 0.5684 0.0349 0.0373 
0 0.2975 0.3465 0.5615 0.0224 0.0368 
0 0.2852 0.5005 0.5658 0.0344 0.0448 
0 0.2844 0.7162 0.566 0.0532 0.0647 
