0 0.7756 0.417 0.4206 0.2807 0.4376 
0 0.7745 0.8855 0.5708 0.2275 0.2521 
0 0.6039 0.6584 0.5565 0.1079 0.1433 
0 0.4568 0.8188 0.5637 0.1229 0.1793 
0 0.4299 0.7312 0.5529 0.0957 0.1298 
0 0.4162 0.5804 0.507 0.0473 0.0723 
0 0.3933 0.9494 0.5755 0.0918 0.2684 
0 0.3547 0.0352 0.4292 0.0562 0.0877 
0 0.2924 0.0464 0.3603 0.0844 0.2692 
0 0.2916 0.7308 0.5215 0.056 0.0784 
0 0.2837 0.794 0.5637 0.0588 0.1211 
0 0.2833 0.7949 0.5148 0.0629 0.0825 
0 0.2739 0.6554 0.514 0.056 0.0767 
0 0.2663 0.5782 0.5031 0.0272 0.0496 
