0 0.7954 0.7825 0.4892 0.1469 0.164 
0 0.4713 0.9598 0.4353 0.0583 0.0798 
0 0.4195 0.089 0.4905 0.1373 0.1271 
0 0.4191 0.0361 0.5039 0.064 0.1298 
0 0.3952 0.4185 0.4741 0.0717 0.0606 
0 0.3916 0.3475 0.4805 0.0712 0.0582 
0 0.3908 0.5029 0.4481 0.0696 0.067 
0 0.3163 0.7307 0.4257 0.0288 0.0328 
0 0.3134 0.8863 0.4274 0.0293 0.0328 
0 0.3102 0.6538 0.4288 0.0293 0.0379 
0 0.2875 0.054 0.4404 0.0839 0.2899 
0 0.2857 0.3467 0.4869 0.0389 0.0393 
0 0.2832 0.7177 0.4283 0.0332 0.0403 
0 0.2817 0.4245 0.4488 0.1198 0.0977 
0 0.2805 0.4248 0.4505 0.0597 0.0593 
0 0.2703 0.5754 0.4386 0.0518 0.053 
