0 0.7816 0.2831 0.6362 0.1964 0.2851 
0 0.7508 0.0998 0.7317 0.1928 0.5305 
0 0.7258 0.8939 0.6567 0.2107 0.5294 
0 0.5521 0.7192 0.5974 0.0743 0.121 
0 0.5274 0.6525 0.5872 0.0601 0.1025 
0 0.4859 0.7968 0.5936 0.1193 0.1842 
0 0.4646 0.578 0.563 0.0271 0.0566 
0 0.4622 0.587 0.5606 0.0499 0.0815 
0 0.4578 0.4224 0.5595 0.0473 0.0799 
0 0.3754 0.3519 0.5846 0.1127 0.1847 
0 0.3514 0.6538 0.5788 0.0321 0.0705 
0 0.3451 0.4989 0.5491 0.0341 0.0551 
0 0.2723 0.8005 0.5892 0.0746 0.1084 
0 0.2635 0.3677 0.5717 0.0501 0.1226 
0 0.2568 0.8781 0.5837 0.1314 0.1891 
