0 0.7618 0.9022 0.6379 0.1939 0.3502 
0 0.6422 0.1895 0.5841 0.1802 0.1182 
0 0.6243 0.266 0.5755 0.1401 0.1152 
0 0.6169 0.8012 0.5741 0.1142 0.1517 
0 0.6066 0.1185 0.5849 0.2046 0.1419 
0 0.5702 0.3421 0.5558 0.1337 0.1031 
0 0.564 0.0568 0.5883 0.1135 0.201 
0 0.5281 0.7411 0.551 0.0461 0.0867 
0 0.5123 0.4166 0.5477 0.0687 0.0726 
0 0.4839 0.5008 0.5314 0.041 0.05 
0 0.4071 0.4872 0.5423 0.0389 0.0478 
0 0.4008 0.722 0.5288 0.0386 0.0546 
0 0.306 0.5766 0.5155 0.0216 0.0323 
0 0.2888 0.3541 0.5303 0.0817 0.062 
0 0.2822 0.6559 0.5218 0.0266 0.0373 
