0 0.7045 0.3521 0.4278 0.4438 0.5268 
0 0.6064 0.9604 0.509 0.0777 0.3779 
0 0.6016 0.8109 0.4954 0.1533 0.1401 
0 0.5852 0.0999 0.5765 0.1644 0.5067 
0 0.5205 0.1753 0.4146 0.1395 0.1866 
0 0.4931 0.1174 0.4064 0.1088 0.1738 
0 0.4487 0.7326 0.6449 0.2322 0.4158 
0 0.4301 0.1178 0.4025 0.066 0.1143 
0 0.4288 0.111 0.3614 0.0774 0.0878 
0 0.3644 0.0384 0.3506 0.0649 0.0793 
0 0.3377 0.8784 0.4916 0.0623 0.0864 
0 0.336 0.6484 0.4171 0.1074 0.1274 
0 0.3195 0.0479 0.4113 0.0959 0.175 
0 0.3041 0.8819 0.4939 0.111 0.137 
0 0.281 0.721 0.4291 0.1201 0.1192 
0 0.2709 0.5859 0.4171 0.053 0.0747 
0 0.2668 0.9658 0.4316 0.059 0.092 
0 0.2663 0.9357 0.7144 0.1271 0.5684 
