0 0.8062 0.1147 0.577 0.2294 0.546 
0 0.6596 0.7968 0.4389 0.1646 0.1953 
0 0.6572 0.9003 0.4903 0.1979 0.3398 
0 0.6145 0.3393 0.4253 0.1036 0.2204 
0 0.6099 0.1954 0.4924 0.2774 0.364 
0 0.5841 0.7293 0.426 0.1446 0.2 
0 0.4702 0.665 0.4136 0.0735 0.1607 
0 0.3962 0.2808 0.435 0.1684 0.2371 
0 0.3624 0.4167 0.3999 0.0431 0.0933 
0 0.3569 0.4255 0.3684 0.0439 0.078 
0 0.3535 0.6573 0.36 0.1119 0.2329 
0 0.329 0.7322 0.3611 0.2417 0.2719 
0 0.2929 0.8723 0.4335 0.1347 0.1872 
0 0.2926 0.4945 0.3637 0.0294 0.0588 
0 0.2886 0.7232 0.4249 0.0679 0.1091 
0 0.2671 0.6541 0.4177 0.0248 0.0769 
