0 0.662 0.8701 0.7349 0.2582 0.3429 
0 0.5136 0.653 0.7462 0.127 0.128 
0 0.43 0.6475 0.7494 0.07 0.0881 
0 0.4113 0.5791 0.7388 0.0423 0.065 
0 0.3842 0.7127 0.7428 0.1295 0.1426 
0 0.3762 0.4238 0.7436 0.0433 0.0569 
0 0.3339 0.2658 0.7444 0.1322 0.1826 
0 0.3233 0.3541 0.7472 0.0565 0.0662 
0 0.3157 0.1953 0.7261 0.2855 0.2802 
0 0.3036 0.1921 0.7411 0.1706 0.1738 
0 0.2862 0.5006 0.7338 0.0266 0.0335 
0 0.273 0.9569 0.8014 0.0847 0.2411 
0 0.2562 0.0422 0.8064 0.0845 0.2485 
0 0.255 0.6619 0.779 0.068 0.0689 
