0 0.6507 0.944 0.5016 0.1104 0.2971 
0 0.6254 0.8213 0.4913 0.1705 0.1704 
0 0.6218 0.0375 0.4948 0.075 0.104 
0 0.5273 0.7389 0.4821 0.123 0.1314 
0 0.5013 0.1941 0.4712 0.053 0.0569 
0 0.4296 0.5765 0.4689 0.0492 0.0484 
0 0.4226 0.2618 0.4655 0.0346 0.0496 
0 0.4197 0.277 0.4521 0.0355 0.0564 
0 0.3713 0.2062 0.4542 0.0503 0.0735 
0 0.3439 0.4906 0.4504 0.0314 0.0451 
0 0.3346 0.4231 0.4359 0.0198 0.0305 
0 0.3319 0.5078 0.4658 0.0334 0.0419 
0 0.3018 0.6596 0.4433 0.1315 0.1509 
0 0.2928 0.8732 0.4464 0.1542 0.1852 
0 0.2851 0.346 0.435 0.0179 0.0292 
0 0.2801 0.4999 0.442 0.0225 0.0368 
0 0.2755 0.5636 0.4526 0.0469 0.0705 
