0 0.4752 0.7327 0.357 0.0895 0.1478 
0 0.4746 0.2727 0.4153 0.0974 0.1632 
0 0.4457 0.4999 0.3599 0.0859 0.1788 
0 0.4162 0.351 0.5714 0.1308 0.5578 
0 0.3999 0.5732 0.3593 0.0735 0.1606 
0 0.3449 0.7939 0.358 0.097 0.1969 
0 0.3444 0.5024 0.3582 0.0436 0.1006 
0 0.3374 0.0645 0.501 0.129 0.4696 
0 0.3353 0.5726 0.3963 0.0472 0.1273 
0 0.3203 0.8785 0.3525 0.1768 0.4512 
0 0.3197 0.3357 0.4116 0.0917 0.2022 
0 0.3169 0.66 0.3539 0.0778 0.1327 
0 0.3137 0.4322 0.3582 0.0814 0.1596 
0 0.3024 0.272 0.3664 0.0587 0.0802 
0 0.2993 0.4247 0.3523 0.2013 0.4415 
0 0.2797 0.7925 0.3558 0.0532 0.1082 
0 0.2656 0.1018 0.5705 0.0851 0.3391 
0 0.2606 0.4259 0.3587 0.0436 0.079 
0 0.2507 0.3466 0.3643 0.0437 0.0685 
