0 0.7426 0.1844 0.3367 0.2239 0.2754 
0 0.7023 0.7187 0.3217 0.135 0.1517 
0 0.6934 0.2761 0.2862 0.1484 0.1859 
0 0.6397 0.5899 0.2458 0.0396 0.0761 
0 0.582 0.1192 0.4027 0.1961 0.3518 
0 0.5784 0.6335 0.2795 0.0622 0.1229 
0 0.5554 0.4076 0.2446 0.062 0.1085 
0 0.5377 0.5773 0.2512 0.0245 0.0711 
0 0.4765 0.3476 0.2608 0.0924 0.135 
0 0.4648 0.5641 0.2246 0.0281 0.0633 
0 0.3761 0.4303 0.2221 0.0369 0.0589 
0 0.3646 0.4226 0.2512 0.0251 0.0694 
0 0.3564 0.0388 0.4924 0.0776 0.3044 
0 0.2688 0.5013 0.2107 0.0158 0.0291 
