0 0.702 0.4948 0.4885 0.1896 0.3006 
0 0.5276 0.3565 0.4126 0.0774 0.1668 
0 0.5222 0.1812 0.4366 0.2806 0.3406 
0 0.4702 0.9443 0.4234 0.1098 0.5057 
0 0.4244 0.6331 0.4085 0.0703 0.1199 
0 0.4242 0.2743 0.4158 0.0825 0.188 
0 0.3727 0.5907 0.4124 0.0431 0.0981 
0 0.3463 0.8829 0.4939 0.0486 0.0921 
0 0.3272 0.8824 0.4256 0.1054 0.2026 
0 0.3191 0.4048 0.407 0.0361 0.0956 
0 0.2772 0.4098 0.4124 0.0606 0.161 
0 0.2721 0.8144 0.4168 0.0447 0.0879 
0 0.2591 0.8801 0.436 0.0508 0.1083 
0 0.259 0.2827 0.4102 0.0479 0.1124 
0 0.2567 0.7237 0.3616 0.0356 0.075 
0 0.2522 0.5775 0.4145 0.0217 0.0623 
