0 0.7164 0.272 0.3954 0.1284 0.159 
0 0.6337 0.6487 0.3708 0.0665 0.1017 
0 0.6232 0.9377 0.4299 0.123 0.2934 
0 0.6195 0.8084 0.401 0.1583 0.177 
0 0.6064 0.7289 0.3756 0.1214 0.1299 
0 0.6013 0.0558 0.4182 0.1115 0.1852 
0 0.5971 0.8755 0.4201 0.1564 0.2017 
0 0.4857 0.5777 0.3489 0.026 0.0533 
0 0.4554 0.1866 0.3685 0.0629 0.0748 
0 0.4321 0.0995 0.3999 0.1247 0.1359 
0 0.3783 0.125 0.3671 0.0686 0.0805 
0 0.368 0.424 0.3418 0.0243 0.044 
0 0.3614 0.3496 0.3508 0.0451 0.074 
0 0.3511 0.3482 0.3475 0.028 0.0463 
0 0.3457 0.351 0.3553 0.0761 0.1274 
0 0.3192 0.4246 0.3405 0.0384 0.0799 
0 0.3089 0.5006 0.3392 0.0208 0.0331 
0 0.2679 0.1921 0.3586 0.0342 0.0458 
0 0.2619 0.1136 0.398 0.0738 0.0835 
0 0.2568 0.0358 0.4121 0.0705 0.1168 
