0 0.7409 0.7251 0.7025 0.1159 0.1727 
0 0.7249 0.3499 0.7045 0.1399 0.1678 
0 0.706 0.179 0.7108 0.1465 0.1375 
0 0.5936 0.0663 0.7961 0.1326 0.405 
0 0.5863 0.3543 0.5949 0.1993 0.3873 
0 0.4694 0.4439 0.6685 0.0564 0.0846 
0 0.4633 0.1234 0.727 0.1644 0.18 
0 0.4519 0.5001 0.6579 0.0264 0.0479 
0 0.4093 0.572 0.6559 0.0345 0.0495 
0 0.3359 0.6422 0.6595 0.0338 0.0549 
0 0.282 0.5783 0.6505 0.0162 0.0413 
0 0.274 0.2631 0.7036 0.1087 0.1296 
0 0.2713 0.4265 0.6602 0.027 0.0501 
0 0.2543 0.2615 0.6721 0.0538 0.0636 
