0 0.8072 0.7414 0.562 0.2045 0.3324 
0 0.596 0.5867 0.5021 0.1077 0.1367 
0 0.591 0.186 0.5701 0.1475 0.2143 
0 0.4561 0.2687 0.4972 0.1177 0.1769 
0 0.4392 0.6441 0.5088 0.1041 0.184 
0 0.4371 0.3496 0.4844 0.0618 0.0888 
0 0.4149 0.5059 0.4777 0.0492 0.0606 
0 0.3647 0.6415 0.4991 0.0561 0.1012 
0 0.3296 0.3557 0.4501 0.0464 0.0803 
0 0.3266 0.3488 0.4476 0.0881 0.1322 
0 0.3207 0.4213 0.4751 0.043 0.0513 
0 0.3023 0.4226 0.4515 0.0392 0.0542 
0 0.2944 0.2803 0.496 0.0608 0.1106 
0 0.2657 0.4939 0.4516 0.0456 0.057 
