0 0.795 0.8991 0.4836 0.2001 0.3513 
0 0.6643 0.5629 0.4335 0.3401 0.3616 
0 0.6332 0.1302 0.3718 0.1261 0.1658 
0 0.5542 0.3313 0.3639 0.1203 0.1256 
0 0.4481 0.197 0.3692 0.1009 0.1384 
0 0.3721 0.3425 0.3582 0.0676 0.0738 
0 0.3692 0.2734 0.3959 0.1149 0.1264 
0 0.3563 0.8028 0.4176 0.0509 0.0938 
0 0.3344 0.0377 0.4098 0.0531 0.1298 
0 0.324 0.1995 0.3589 0.0482 0.0763 
0 0.3111 0.7168 0.3462 0.133 0.198 
0 0.2861 0.343 0.3954 0.068 0.078 
0 0.2844 0.046 0.3616 0.0834 0.2016 
0 0.266 0.0333 0.3558 0.0522 0.0983 
0 0.2505 0.2703 0.3567 0.0457 0.0636 
