0 0.7134 0.8206 0.5729 0.2344 0.2573 
0 0.6276 0.1126 0.5013 0.1385 0.1132 
0 0.6112 0.8901 0.6293 0.2183 0.3337 
0 0.5731 0.5696 0.5215 0.0483 0.0964 
0 0.5664 0.7354 0.5596 0.1405 0.1787 
0 0.5602 0.0459 0.505 0.0846 0.167 
0 0.5537 0.192 0.4976 0.0782 0.0856 
0 0.5097 0.6455 0.5275 0.1008 0.1384 
0 0.5089 0.3438 0.4908 0.0352 0.0502 
0 0.5055 0.2652 0.4979 0.061 0.072 
0 0.4273 0.501 0.4995 0.0204 0.0431 
0 0.3086 0.5911 0.5424 0.0437 0.0942 
0 0.3081 0.3569 0.4843 0.0193 0.0389 
0 0.3004 0.4389 0.4883 0.0293 0.0568 
0 0.2836 0.1937 0.4957 0.0385 0.0495 
0 0.27 0.4241 0.4904 0.0201 0.0304 
