0 0.7221 0.8073 0.8028 0.2486 0.2553 
0 0.6862 0.51 0.658 0.0968 0.1721 
0 0.5845 0.1134 0.5841 0.132 0.1189 
0 0.5448 0.722 0.7434 0.1282 0.1954 
0 0.5102 0.1882 0.5837 0.0682 0.0893 
0 0.4379 0.6543 0.6624 0.0461 0.0696 
0 0.4277 0.0439 0.585 0.0865 0.154 
0 0.3738 0.5792 0.6454 0.0233 0.0395 
0 0.3558 0.3473 0.5761 0.0257 0.0436 
0 0.3135 0.1925 0.5797 0.0361 0.052 
0 0.3053 0.4234 0.5801 0.0214 0.0374 
0 0.2988 0.7171 0.6737 0.0673 0.0753 
0 0.2925 0.719 0.7276 0.0744 0.1119 
0 0.2757 0.5099 0.603 0.0658 0.1668 
0 0.2598 0.2711 0.5731 0.0299 0.0372 
