0 0.7893 0.8594 0.5879 0.2796 0.4176 
0 0.6484 0.5915 0.5621 0.1222 0.1789 
0 0.504 0.1154 0.5077 0.2308 0.454 
0 0.437 0.0415 0.6552 0.082 0.4044 
0 0.4003 0.3465 0.5112 0.0371 0.0652 
0 0.3934 0.6349 0.5202 0.1087 0.1723 
0 0.3913 0.2775 0.515 0.0468 0.0704 
0 0.3627 0.4228 0.504 0.0239 0.0442 
0 0.3565 0.1833 0.567 0.1325 0.1924 
0 0.3516 0.4972 0.5153 0.0352 0.0634 
0 0.3414 0.5792 0.5582 0.0634 0.1067 
0 0.3052 0.6406 0.5563 0.0578 0.1071 
0 0.2643 0.1108 0.5768 0.1435 0.2156 
0 0.2637 0.5119 0.5491 0.0412 0.0748 
