0 0.758 0.1942 0.5789 0.2458 0.2548 
0 0.7327 0.8105 0.5813 0.2108 0.3597 
0 0.6498 0.6697 0.5708 0.1396 0.1935 
0 0.6422 0.3248 0.5508 0.1233 0.1445 
0 0.5266 0.2666 0.5626 0.1582 0.1645 
0 0.4408 0.7246 0.5147 0.2283 0.3433 
0 0.4122 0.5884 0.551 0.063 0.0834 
0 0.3627 0.4963 0.515 0.0504 0.0565 
0 0.3587 0.3565 0.5213 0.0695 0.07 
0 0.3563 0.6473 0.5692 0.0677 0.1272 
0 0.346 0.5729 0.5203 0.0558 0.0685 
0 0.3323 0.123 0.5789 0.1309 0.2059 
0 0.2922 0.4219 0.5164 0.0483 0.0473 
0 0.2503 0.5819 0.5169 0.0915 0.1148 
