0 0.6721 0.7285 0.5047 0.2385 0.2712 
0 0.6203 0.5086 0.4028 0.0395 0.1067 
0 0.6168 0.2683 0.4159 0.0788 0.1049 
0 0.5804 0.0995 0.4853 0.1479 0.1993 
0 0.5654 0.6533 0.4957 0.1536 0.2166 
0 0.563 0.0522 0.4979 0.1043 0.2579 
0 0.55 0.5928 0.4707 0.0945 0.162 
0 0.535 0.3339 0.392 0.0319 0.061 
0 0.5015 0.3467 0.399 0.0223 0.058 
0 0.4995 0.1968 0.4299 0.0905 0.1071 
0 0.4864 0.5599 0.4365 0.0581 0.1406 
0 0.4264 0.481 0.3806 0.029 0.0804 
0 0.4154 0.3555 0.3791 0.0282 0.0535 
0 0.3485 0.43 0.3876 0.0195 0.0441 
0 0.3333 0.4216 0.3765 0.0169 0.0363 
0 0.252 0.4235 0.3937 0.0148 0.0391 
