0 0.816 0.097 0.7352 0.1868 0.4243 
0 0.6345 0.5178 0.5583 0.1368 0.1234 
0 0.553 0.419 0.5583 0.0853 0.0753 
0 0.4552 0.1912 0.5804 0.088 0.0603 
0 0.4496 0.2669 0.5691 0.0589 0.0459 
0 0.4446 0.3448 0.5602 0.0517 0.0478 
0 0.3669 0.5035 0.5562 0.0809 0.076 
0 0.364 0.5777 0.5539 0.0655 0.0759 
0 0.36 0.877 0.502 0.0765 0.0537 
0 0.3514 0.1132 0.587 0.1663 0.1094 
0 0.3211 0.6367 0.5491 0.0432 0.049 
0 0.2816 0.124 0.5744 0.0956 0.0549 
0 0.2813 0.0457 0.5913 0.0914 0.1653 
0 0.2685 0.4133 0.5241 0.1049 0.1073 
0 0.2651 0.6452 0.5251 0.034 0.0342 
0 0.2586 0.194 0.5771 0.051 0.0359 
