0 0.7217 0.8265 0.5066 0.1788 0.1541 
0 0.7112 0.4136 0.4452 0.1593 0.1677 
0 0.7057 0.2068 0.3997 0.1324 0.1237 
0 0.4909 0.2672 0.4045 0.1331 0.1279 
0 0.4152 0.3395 0.4287 0.1498 0.1339 
0 0.4056 0.1973 0.3646 0.0932 0.0896 
0 0.4054 0.5016 0.4274 0.0541 0.0651 
0 0.4 0.965 0.5699 0.0608 0.1039 
0 0.3661 0.5032 0.4314 0.0938 0.1098 
0 0.3474 0.5015 0.4248 0.033 0.0419 
0 0.3442 0.6342 0.4375 0.0993 0.1241 
0 0.3285 0.585 0.436 0.0917 0.1176 
0 0.3141 0.8038 0.5006 0.0846 0.1013 
0 0.3113 0.2694 0.3991 0.0738 0.0816 
0 0.2943 0.8814 0.3491 0.2356 0.481 
0 0.286 0.335 0.4145 0.0731 0.0747 
0 0.2704 0.6481 0.4377 0.0548 0.0642 
