0 0.7256 0.7065 0.4742 0.1617 0.1939 
0 0.6025 0.571 0.4211 0.068 0.1003 
0 0.497 0.1083 0.7291 0.1948 0.4245 
0 0.4922 0.7144 0.3567 0.2435 0.4679 
0 0.4714 0.4998 0.4087 0.0226 0.0497 
0 0.4628 0.4098 0.5652 0.208 0.3348 
0 0.3847 0.6451 0.4365 0.1119 0.1626 
0 0.3388 0.0391 0.7283 0.075 0.3819 
0 0.3094 0.4927 0.3777 0.025 0.0481 
0 0.2971 0.633 0.4221 0.0466 0.0878 
0 0.279 0.1164 0.5712 0.0464 0.0666 
0 0.2784 0.4245 0.4084 0.0243 0.0385 
0 0.2637 0.434 0.4017 0.0289 0.0442 
0 0.2504 0.5768 0.4168 0.0292 0.0655 
