0 0.8334 0.6712 0.5632 0.1736 0.2234 
0 0.6353 0.9717 0.6372 0.0551 0.3452 
0 0.5435 0.1882 0.5643 0.1931 0.1136 
0 0.5183 0.1107 0.5565 0.1688 0.113 
0 0.509 0.8808 0.5501 0.0686 0.0908 
0 0.4877 0.5046 0.5039 0.0374 0.0601 
0 0.4866 0.0394 0.5617 0.0722 0.104 
0 0.4641 0.039 0.5155 0.0781 0.0861 
0 0.4594 0.8133 0.5246 0.0751 0.1041 
0 0.435 0.5611 0.513 0.0415 0.0691 
0 0.3813 0.2677 0.5627 0.099 0.082 
0 0.3654 0.5726 0.5053 0.0278 0.0472 
0 0.2996 0.3522 0.5088 0.0568 0.0644 
0 0.295 0.1117 0.5148 0.075 0.0527 
0 0.2879 0.749 0.5097 0.0356 0.0608 
0 0.2762 0.8076 0.514 0.0316 0.0459 
0 0.2691 0.1896 0.5623 0.1012 0.0758 
0 0.2682 0.732 0.503 0.0267 0.0439 
0 0.2674 0.7148 0.5567 0.0989 0.1654 
0 0.2648 0.4247 0.4963 0.0249 0.0357 
