0 0.7611 0.6538 0.3978 0.1205 0.1251 
0 0.6493 0.0527 0.4372 0.1054 0.2713 
0 0.6372 0.2024 0.4102 0.1277 0.1427 
0 0.6162 0.2522 0.4024 0.113 0.1352 
0 0.5507 0.5834 0.3907 0.0375 0.0737 
0 0.5231 0.4214 0.3766 0.0275 0.0403 
0 0.5199 0.1202 0.4274 0.1482 0.1768 
0 0.4658 0.5661 0.3734 0.0347 0.0697 
0 0.4095 0.3341 0.3882 0.0406 0.0639 
0 0.3898 0.3525 0.3799 0.039 0.0531 
0 0.3238 0.5763 0.3637 0.0235 0.0539 
0 0.3177 0.499 0.3691 0.0195 0.0313 
0 0.3116 0.4312 0.37 0.0131 0.0285 
0 0.3046 0.2819 0.3765 0.0538 0.0625 
0 0.2552 0.0345 0.4963 0.0606 0.1979 
