0 0.7679 0.8794 0.5911 0.2139 0.3612 
0 0.6331 0.6612 0.5502 0.0423 0.0972 
0 0.6007 0.7141 0.5651 0.0687 0.129 
0 0.5959 0.3324 0.5619 0.109 0.1661 
0 0.5911 0.2772 0.5741 0.1489 0.1831 
0 0.5782 0.4167 0.545 0.0535 0.098 
0 0.5736 0.4355 0.5325 0.051 0.104 
0 0.5559 0.5015 0.5305 0.0269 0.0566 
0 0.5238 0.645 0.532 0.0367 0.084 
0 0.4708 0.4894 0.541 0.0292 0.058 
0 0.4676 0.2007 0.5785 0.1328 0.1686 
0 0.3977 0.511 0.5242 0.0144 0.0415 
0 0.3484 0.7931 0.5821 0.126 0.2456 
0 0.2889 0.577 0.5171 0.0169 0.0331 
0 0.2568 0.6547 0.5206 0.0245 0.065 
