0 0.8693 0.1699 0.5616 0.3003 0.2767 
0 0.8475 0.4726 0.5903 0.2694 0.3557 
0 0.7983 0.8782 0.653 0.2421 0.4761 
0 0.7087 0.6693 0.5131 0.1527 0.1979 
0 0.545 0.3308 0.5009 0.0898 0.1946 
0 0.4609 0.5824 0.4956 0.0505 0.0925 
0 0.3802 0.2901 0.5024 0.0948 0.163 
0 0.3772 0.3383 0.4982 0.0644 0.1036 
0 0.3458 0.7939 0.5075 0.1596 0.1519 
0 0.3325 0.939 0.7633 0.1205 0.4707 
0 0.2829 0.0345 0.6487 0.069 0.327 
0 0.2686 0.2898 0.4926 0.0515 0.1022 
0 0.252 0.5767 0.4957 0.0267 0.0574 
0 0.2502 0.5045 0.4086 0.045 0.0491 
