0 0.8085 0.1864 0.7205 0.2689 0.2679 
0 0.8068 0.4907 0.7902 0.2482 0.3172 
0 0.6561 0.8947 0.7298 0.1641 0.1702 
0 0.4853 0.5934 0.7065 0.0501 0.0819 
0 0.3984 0.035 0.8002 0.0643 0.3968 
0 0.3613 0.414 0.6633 0.0616 0.0655 
0 0.3517 0.9598 0.7314 0.0764 0.2667 
0 0.3304 0.6452 0.6789 0.0334 0.0369 
0 0.3291 0.5918 0.6797 0.0411 0.0456 
0 0.307 0.6543 0.6714 0.0236 0.0321 
0 0.2905 0.3572 0.6706 0.0641 0.0794 
0 0.2801 0.6407 0.6974 0.0347 0.044 
0 0.2662 0.8887 0.6552 0.2114 0.3915 
0 0.2541 0.8091 0.7163 0.0543 0.0843 
0 0.2509 0.5791 0.6686 0.0279 0.0325 
