0 0.71 0.4197 0.4901 0.1031 0.1191 
0 0.5397 0.0576 0.4932 0.0689 0.1511 
0 0.5167 0.3513 0.4694 0.0508 0.086 
0 0.4784 0.3324 0.4529 0.041 0.0617 
0 0.4773 0.2725 0.4462 0.0257 0.0411 
0 0.4153 0.043 0.4447 0.0588 0.0722 
0 0.379 0.1171 0.438 0.0247 0.0482 
0 0.3605 0.278 0.4372 0.012 0.0329 
0 0.329 0.4789 0.5008 0.1385 0.135 
0 0.3207 0.2859 0.4642 0.031 0.053 
0 0.3097 0.1021 0.4719 0.0474 0.061 
0 0.2921 0.3456 0.4415 0.0269 0.0473 
0 0.2775 0.3461 0.4771 0.0234 0.065 
0 0.275 0.8889 0.5075 0.1532 0.1459 
0 0.2542 0.1933 0.4308 0.0198 0.0276 
