0 0.6849 0.2513 0.4755 0.1301 0.1522 
0 0.6323 0.8001 0.4489 0.1772 0.1212 
0 0.5195 0.7249 0.4471 0.1397 0.1144 
0 0.4594 0.3509 0.4404 0.0623 0.0825 
0 0.4027 0.1192 0.4434 0.1095 0.1641 
0 0.3959 0.6542 0.4364 0.0595 0.0704 
0 0.3643 0.4996 0.4187 0.0278 0.0348 
0 0.3575 0.4232 0.4242 0.0295 0.0408 
0 0.3442 0.2721 0.4433 0.0686 0.0787 
0 0.3375 0.6531 0.4296 0.0343 0.0446 
0 0.3337 0.8746 0.4446 0.1353 0.1096 
0 0.3335 0.8779 0.4448 0.0776 0.0704 
0 0.3292 0.2635 0.4756 0.0755 0.0953 
0 0.3275 0.5768 0.4208 0.0288 0.0351 
0 0.3179 0.1949 0.4726 0.0653 0.1007 
0 0.3159 0.0278 0.4833 0.0556 0.115 
0 0.2883 0.8025 0.4444 0.0842 0.0783 
0 0.285 0.0409 0.4385 0.0786 0.1986 
0 0.2757 0.1234 0.4399 0.0616 0.0813 
0 0.2751 0.8781 0.4722 0.0701 0.0654 
0 0.2715 0.0331 0.4365 0.0552 0.094 
0 0.2676 0.348 0.4318 0.0337 0.0466 
