0 0.7772 0.8958 0.7124 0.1879 0.3621 
0 0.7642 0.6513 0.6309 0.1486 0.1793 
0 0.6352 0.2779 0.658 0.398 0.3479 
0 0.5048 0.5007 0.6259 0.0906 0.1388 
0 0.4216 0.0409 0.578 0.0819 0.1992 
0 0.3678 0.5641 0.5882 0.039 0.0687 
0 0.3606 0.5711 0.6245 0.0474 0.1001 
0 0.3374 0.438 0.6314 0.1247 0.1657 
0 0.3196 0.575 0.5811 0.0246 0.0467 
0 0.3057 0.1105 0.5788 0.1497 0.1297 
0 0.2774 0.3505 0.5613 0.063 0.0612 
0 0.2757 0.1177 0.5696 0.0923 0.0731 
0 0.2637 0.5069 0.5841 0.0443 0.0623 
0 0.255 0.4327 0.5689 0.0483 0.0607 
