0 0.7046 0.798 0.4758 0.161 0.1317 
0 0.6304 0.0434 0.4298 0.0868 0.2515 
0 0.5781 0.2758 0.4045 0.0509 0.069 
0 0.5593 0.0516 0.3501 0.1032 0.5516 
0 0.5456 0.6479 0.4298 0.0755 0.0933 
0 0.4566 0.3379 0.394 0.029 0.0473 
0 0.4342 0.5765 0.4097 0.025 0.0471 
0 0.4169 0.3466 0.4016 0.0216 0.0437 
0 0.389 0.5009 0.403 0.0201 0.0389 
0 0.377 0.5082 0.3959 0.0254 0.0427 
0 0.3567 0.0345 0.4871 0.0593 0.1588 
0 0.3409 0.3478 0.3786 0.0231 0.0402 
0 0.2937 0.7187 0.4449 0.0707 0.0812 
0 0.2584 0.4975 0.3798 0.0216 0.0401 
0 0.2544 0.7248 0.4489 0.1165 0.1239 
