0 0.7934 0.6676 0.4816 0.1637 0.197 
0 0.6629 0.1122 0.503 0.2245 0.3836 
0 0.4445 0.9603 0.4339 0.0779 0.2633 
0 0.4373 0.5629 0.4307 0.0608 0.0879 
0 0.4027 0.9717 0.4861 0.0522 0.1366 
0 0.4019 0.504 0.4093 0.0411 0.0719 
0 0.3962 0.4265 0.4011 0.0379 0.064 
0 0.3494 0.8958 0.4225 0.1384 0.1461 
0 0.3095 0.3489 0.4043 0.0383 0.0709 
0 0.3034 0.964 0.4285 0.0519 0.1297 
0 0.2708 0.4247 0.3744 0.0266 0.0406 
0 0.2704 0.8882 0.4171 0.076 0.086 
0 0.2676 0.4939 0.3764 0.0256 0.0419 
0 0.259 0.5752 0.4219 0.029 0.0501 
