0 0.6901 0.0507 0.4945 0.1014 0.2622 
0 0.679 0.7318 0.4798 0.1212 0.1212 
0 0.6773 0.8884 0.4897 0.1714 0.2204 
0 0.6558 0.2759 0.4527 0.0899 0.1006 
0 0.5843 0.6596 0.4754 0.0764 0.0921 
0 0.4661 0.3469 0.4432 0.0411 0.0535 
0 0.4474 0.9563 0.5012 0.0859 0.276 
0 0.4358 0.6421 0.4479 0.0616 0.078 
0 0.4337 0.5787 0.4386 0.0347 0.0491 
0 0.3778 0.4233 0.4268 0.0246 0.0338 
0 0.3333 0.5939 0.4682 0.0415 0.0595 
0 0.32 0.7996 0.4863 0.1314 0.1569 
0 0.3057 0.1982 0.4393 0.0683 0.0712 
0 0.2647 0.5006 0.4232 0.0214 0.023 
