0 0.7783 0.8706 0.4985 0.2572 0.3222 
0 0.6511 0.7183 0.4483 0.182 0.1952 
0 0.5557 0.6433 0.4455 0.1413 0.1534 
0 0.541 0.5691 0.4408 0.0717 0.1066 
0 0.5363 0.1179 0.4341 0.0849 0.0927 
0 0.5359 0.0443 0.4386 0.0887 0.1376 
0 0.4436 0.5004 0.4217 0.0287 0.0504 
0 0.4389 0.1858 0.422 0.0536 0.0685 
0 0.4065 0.3691 0.4186 0.0353 0.09 
0 0.4039 0.0298 0.476 0.0595 0.0969 
0 0.3543 0.2711 0.4108 0.0277 0.0347 
0 0.3104 0.3506 0.4178 0.0374 0.0646 
0 0.2993 0.7982 0.4849 0.1511 0.2302 
0 0.2944 0.64 0.4366 0.0715 0.0995 
0 0.2935 0.3465 0.4142 0.0227 0.0388 
0 0.2885 0.9665 0.5736 0.0654 0.3728 
0 0.2835 0.4248 0.4141 0.0198 0.0336 
0 0.2534 0.406 0.4205 0.0294 0.0707 
