0 0.8301 0.8107 0.5773 0.377 0.5577 
0 0.6569 0.0995 0.5702 0.1584 0.1699 
0 0.64 0.5602 0.5112 0.1196 0.1994 
0 0.5971 0.2712 0.5087 0.124 0.1806 
0 0.5938 0.4931 0.4892 0.0444 0.1458 
0 0.5865 0.0542 0.5841 0.0831 0.2401 
0 0.459 0.1812 0.5567 0.1339 0.1462 
0 0.4579 0.4298 0.4775 0.031 0.0719 
0 0.3864 0.2747 0.504 0.065 0.1037 
0 0.3677 0.3478 0.4862 0.0406 0.0809 
0 0.3517 0.3476 0.4892 0.0225 0.0559 
0 0.3487 0.4861 0.4518 0.0367 0.0878 
0 0.3259 0.1902 0.5658 0.0721 0.0985 
0 0.3019 0.4989 0.4886 0.021 0.1128 
0 0.2852 0.4256 0.4479 0.0278 0.0582 
0 0.2845 0.3558 0.4369 0.0668 0.1033 
0 0.2799 0.0362 0.6444 0.0461 0.2113 
