0 0.7183 0.3411 0.546 0.1312 0.1778 
0 0.7168 0.9026 0.5078 0.1567 0.1514 
0 0.6519 0.6628 0.4767 0.1177 0.1375 
0 0.5716 0.1071 0.5154 0.1559 0.16 
0 0.4975 0.7252 0.4713 0.0615 0.0694 
0 0.4479 0.9646 0.5583 0.0692 0.2436 
0 0.4411 0.0382 0.5599 0.0539 0.1224 
0 0.4356 0.186 0.5128 0.1393 0.1698 
0 0.4275 0.7165 0.4483 0.1024 0.1171 
0 0.3946 0.9718 0.5099 0.0497 0.1032 
0 0.3828 0.4949 0.4806 0.0383 0.0701 
0 0.3628 0.4215 0.5097 0.0767 0.1397 
0 0.3413 0.4297 0.4977 0.0439 0.0885 
0 0.3391 0.1126 0.4345 0.1879 0.4025 
0 0.335 0.0506 0.518 0.0792 0.1939 
0 0.3104 0.5031 0.4467 0.0296 0.0555 
0 0.3019 0.8853 0.5041 0.0953 0.0965 
0 0.2988 0.4241 0.496 0.0238 0.0562 
0 0.2858 0.8942 0.3607 0.1955 0.5031 
0 0.2844 0.7325 0.4801 0.0337 0.0494 
