0 0.7465 0.6345 0.7015 0.1363 0.148 
0 0.6645 0.103 0.6478 0.1555 0.1363 
0 0.6086 0.8796 0.6733 0.1241 0.1179 
0 0.5932 0.2599 0.6199 0.0474 0.0672 
0 0.5574 0.9449 0.7387 0.1086 0.2549 
0 0.5407 0.2773 0.6097 0.0453 0.0747 
0 0.5338 0.1875 0.6319 0.0734 0.0915 
0 0.4809 0.5713 0.6667 0.0988 0.1336 
0 0.4771 0.5152 0.6336 0.0439 0.1078 
0 0.4122 0.8128 0.6631 0.066 0.0784 
0 0.3907 0.3488 0.607 0.0252 0.0385 
0 0.39 0.4199 0.605 0.0228 0.0387 
0 0.3876 0.4862 0.6059 0.0346 0.0615 
0 0.3471 0.8078 0.6571 0.0383 0.0479 
0 0.3461 0.5002 0.6366 0.0224 0.0569 
0 0.3361 0.3408 0.6176 0.0267 0.0394 
0 0.299 0.0388 0.6563 0.0722 0.1293 
0 0.2978 0.4318 0.6192 0.0223 0.0394 
0 0.2772 0.7348 0.6576 0.06 0.0685 
0 0.2637 0.7304 0.6678 0.103 0.1138 
0 0.2588 0.4268 0.5961 0.0117 0.0307 
