0 0.8081 0.1049 0.7175 0.2099 0.3232 
0 0.7068 0.3707 0.6471 0.0882 0.1836 
0 0.5772 0.4976 0.6357 0.0662 0.1023 
0 0.5751 0.653 0.7292 0.1674 0.1834 
0 0.5416 0.2633 0.6279 0.057 0.0914 
0 0.5353 0.187 0.6504 0.1138 0.1557 
0 0.4531 0.2771 0.6049 0.0429 0.0875 
0 0.4138 0.9597 0.816 0.079 0.2876 
0 0.351 0.2696 0.6351 0.0257 0.0643 
0 0.3416 0.5725 0.651 0.0558 0.0844 
0 0.2866 0.2712 0.5943 0.0238 0.0616 
0 0.2861 0.4228 0.5895 0.0188 0.0495 
0 0.2811 0.7259 0.7239 0.301 0.2502 
0 0.2772 0.362 0.6031 0.0362 0.0865 
0 0.2633 0.4846 0.6042 0.0401 0.0968 
