0 0.7164 0.4105 0.4274 0.104 0.1557 
0 0.7013 0.195 0.4249 0.1214 0.1316 
0 0.6998 0.6362 0.4392 0.1658 0.1259 
0 0.5661 0.0436 0.4336 0.0872 0.1434 
0 0.5177 0.11 0.429 0.083 0.0917 
0 0.5113 0.3375 0.3942 0.0301 0.0531 
0 0.4904 0.3465 0.4011 0.0235 0.0464 
0 0.4866 0.5852 0.4225 0.1187 0.1214 
0 0.482 0.1984 0.2874 0.1986 0.3783 
0 0.4409 0.3463 0.3798 0.0231 0.0388 
0 0.3862 0.2709 0.4101 0.0281 0.0491 
0 0.3735 0.7179 0.4356 0.1434 0.1343 
0 0.3224 0.5015 0.4084 0.0242 0.0386 
0 0.2841 0.4183 0.4057 0.0604 0.0767 
0 0.2827 0.7251 0.4143 0.0751 0.0699 
0 0.2812 0.8823 0.4113 0.0579 0.0597 
0 0.2769 0.8045 0.4041 0.0566 0.0481 
0 0.2508 0.2893 0.3786 0.0338 0.0575 
