0 0.6601 0.0481 0.4265 0.0962 0.1566 
0 0.657 0.5629 0.4023 0.0962 0.1009 
0 0.6394 0.266 0.3989 0.0824 0.0862 
0 0.6109 0.7389 0.438 0.1496 0.1482 
0 0.5549 0.4386 0.3994 0.0742 0.0965 
0 0.4746 0.4885 0.403 0.0853 0.0997 
0 0.4733 0.3459 0.3922 0.055 0.0718 
0 0.3953 0.1013 0.4168 0.1069 0.1088 
0 0.3747 0.8848 0.4144 0.0825 0.0669 
0 0.3519 0.8887 0.4197 0.1339 0.1083 
0 0.3197 0.5004 0.405 0.0277 0.0491 
0 0.3028 0.7302 0.4237 0.0777 0.0738 
0 0.2976 0.7973 0.4257 0.138 0.1236 
0 0.2973 0.3464 0.3759 0.0281 0.0325 
0 0.2939 0.9646 0.4259 0.0474 0.0742 
0 0.2929 0.6511 0.4048 0.0645 0.0676 
0 0.2748 0.0344 0.4784 0.0599 0.1527 
0 0.2621 0.2772 0.3756 0.0446 0.0455 
0 0.2599 0.4966 0.3731 0.0315 0.0407 
0 0.2595 0.348 0.3981 0.0241 0.0441 
0 0.2535 0.8054 0.4151 0.0608 0.057 
