0 0.8559 0.5044 0.8826 0.3496 0.1926 
0 0.542 0.7147 0.879 0.1911 0.1612 
0 0.5219 0.1881 0.9285 0.1308 0.1168 
0 0.5114 0.1193 0.9086 0.105 0.1382 
0 0.4532 0.0471 0.9369 0.0942 0.1235 
0 0.4066 0.0354 0.9029 0.0646 0.092 
0 0.4012 0.1191 0.9055 0.0594 0.08 
0 0.386 0.6495 0.8803 0.3457 0.2246 
0 0.3574 0.353 0.9442 0.0653 0.0622 
0 0.354 0.2693 0.9027 0.0367 0.0477 
0 0.2958 0.3358 0.9046 0.0444 0.0657 
0 0.2938 0.3405 0.9047 0.0753 0.108 
0 0.2795 0.5751 0.937 0.2552 0.1233 
0 0.2746 0.1962 0.9007 0.0456 0.0602 
0 0.2736 0.4188 0.9432 0.2055 0.0982 
