0 0.7691 0.1112 0.4139 0.2224 0.265 
0 0.5923 0.5645 0.4357 0.1318 0.1887 
0 0.5565 0.1881 0.4176 0.1229 0.1714 
0 0.5399 0.7412 0.5719 0.2906 0.4442 
0 0.5317 0.2689 0.4063 0.0701 0.0989 
0 0.4951 0.3382 0.3942 0.0417 0.0619 
0 0.4904 0.4974 0.4169 0.0493 0.1134 
0 0.4042 0.3492 0.3775 0.0376 0.0545 
0 0.4016 0.6402 0.4928 0.1352 0.2595 
0 0.3892 0.8842 0.7261 0.0844 0.3326 
0 0.3554 0.9279 0.6541 0.1426 0.489 
0 0.324 0.4994 0.4152 0.0257 0.0744 
0 0.3194 0.2799 0.3777 0.0546 0.0725 
0 0.306 0.4267 0.3936 0.0316 0.0459 
0 0.3019 0.4872 0.3763 0.0449 0.0729 
0 0.2828 0.4196 0.3751 0.0332 0.0463 
0 0.2814 0.5673 0.4286 0.0656 0.1096 
