0 0.7691 0.8769 0.8192 0.2446 0.3589 
0 0.7533 0.7262 0.8089 0.269 0.2539 
0 0.5492 0.6543 0.7979 0.1597 0.1955 
0 0.5429 0.4265 0.7049 0.0487 0.0731 
0 0.54 0.5695 0.7437 0.0901 0.1228 
0 0.5136 0.5018 0.7111 0.0482 0.0781 
0 0.4525 0.5 0.7141 0.025 0.0552 
0 0.4425 0.4237 0.7096 0.0257 0.0514 
0 0.3136 0.3622 0.7012 0.0387 0.0563 
0 0.2842 0.4233 0.686 0.0247 0.0393 
0 0.2686 0.7985 0.8098 0.1815 0.1743 
0 0.2596 0.4909 0.6862 0.0255 0.0388 
0 0.2572 0.3611 0.6817 0.0304 0.0514 
0 0.2537 0.0412 0.7306 0.0824 0.2566 
