0 0.7395 0.8074 0.5898 0.3837 0.3293 
0 0.7049 0.6405 0.6026 0.1558 0.177 
0 0.6598 0.1152 0.59 0.1873 0.1753 
0 0.6028 0.5096 0.5596 0.0364 0.0714 
0 0.5848 0.5608 0.5897 0.0715 0.1155 
0 0.5645 0.1885 0.5829 0.1335 0.1459 
0 0.5511 0.2706 0.5681 0.072 0.0954 
0 0.549 0.0515 0.5908 0.0926 0.2236 
0 0.5226 0.3343 0.5576 0.0415 0.0665 
0 0.3485 0.964 0.7303 0.0704 0.2851 
0 0.3331 0.4887 0.5322 0.0299 0.051 
0 0.3225 0.0384 0.6441 0.0508 0.1945 
0 0.3078 0.0326 0.5814 0.0613 0.137 
0 0.2995 0.597 0.6204 0.0893 0.1523 
0 0.2884 0.3472 0.5309 0.0362 0.0549 
0 0.2609 0.4278 0.55 0.0251 0.0376 
