0 0.6844 0.8985 0.4294 0.1956 0.3336 
0 0.6737 0.0442 0.4937 0.0884 0.2933 
0 0.6383 0.2493 0.4023 0.1212 0.1464 
0 0.6086 0.7316 0.4017 0.106 0.1326 
0 0.5641 0.119 0.423 0.2381 0.3046 
0 0.5165 0.6628 0.3985 0.0521 0.0887 
0 0.4731 0.4217 0.369 0.0377 0.0767 
0 0.4703 0.3554 0.3742 0.0579 0.103 
0 0.4626 0.6389 0.3717 0.0406 0.1212 
0 0.4207 0.4963 0.3915 0.0454 0.0768 
0 0.3932 0.336 0.3912 0.0479 0.074 
0 0.3664 0.7908 0.4266 0.0534 0.1237 
0 0.3662 0.6539 0.4052 0.0249 0.0674 
0 0.3049 0.9562 0.4874 0.0861 0.3003 
0 0.2921 0.5032 0.3578 0.0356 0.0854 
0 0.2506 0.7229 0.272 0.1701 0.3973 
