0 0.7328 0.6481 0.413 0.2162 0.3041 
0 0.5728 0.5712 0.425 0.1196 0.2629 
0 0.5196 0.1128 0.4779 0.0711 0.07 
0 0.4678 0.6511 0.4897 0.1648 0.157 
0 0.4631 0.2631 0.4347 0.0767 0.1283 
0 0.4448 0.1149 0.4416 0.116 0.1762 
0 0.4308 0.4885 0.4409 0.0397 0.1074 
0 0.4175 0.0344 0.4875 0.0689 0.1035 
0 0.3761 0.5039 0.4776 0.0369 0.0822 
0 0.3415 0.3462 0.4405 0.0322 0.0627 
0 0.3309 0.2079 0.4393 0.0775 0.1505 
0 0.3207 0.7286 0.491 0.0503 0.0738 
0 0.3092 0.4226 0.4358 0.0174 0.0442 
0 0.2872 0.3461 0.4707 0.0339 0.059 
0 0.2575 0.57 0.4973 0.0603 0.1088 
