0 0.7415 0.7335 0.4376 0.1497 0.1479 
0 0.678 0.8914 0.4332 0.1913 0.1663 
0 0.5561 0.1162 0.4487 0.0782 0.0799 
0 0.5375 0.6406 0.4209 0.0557 0.0787 
0 0.485 0.5859 0.4082 0.0395 0.0601 
0 0.4721 0.2712 0.4237 0.0714 0.0821 
0 0.4703 0.3386 0.4041 0.0485 0.0627 
0 0.3857 0.0321 0.4759 0.0592 0.0864 
0 0.3474 0.044 0.4434 0.0837 0.1309 
0 0.3465 0.8058 0.4288 0.1384 0.1424 
0 0.2727 0.5015 0.4029 0.0172 0.03 
0 0.2696 0.1902 0.4368 0.0663 0.0604 
0 0.2657 0.4249 0.3995 0.0173 0.0297 
0 0.2511 0.4199 0.3923 0.0215 0.0336 
