0 0.6808 0.4336 0.572 0.1405 0.2192 
0 0.6716 0.8639 0.6644 0.1569 0.1495 
0 0.4823 0.7982 0.653 0.0838 0.1026 
0 0.4814 0.3329 0.5157 0.0426 0.0835 
0 0.442 0.4834 0.5118 0.2347 0.3295 
0 0.38 0.6514 0.6054 0.0547 0.0707 
0 0.3762 0.7312 0.6342 0.0653 0.075 
0 0.375 0.6639 0.6283 0.0617 0.0709 
0 0.3717 0.3439 0.5064 0.0244 0.0575 
0 0.3542 0.117 0.4944 0.032 0.0421 
0 0.3193 0.2702 0.5028 0.021 0.0434 
0 0.3175 0.2789 0.5071 0.0344 0.0626 
0 0.2843 0.3486 0.545 0.0402 0.0892 
0 0.2813 0.0353 0.4949 0.0475 0.0655 
0 0.2699 0.118 0.4279 0.1949 0.4592 
