0 0.6605 0.4392 0.5831 0.1412 0.199 
0 0.5968 0.584 0.6475 0.1661 0.2563 
0 0.5326 0.1137 0.5876 0.2207 0.3975 
0 0.52 0.8072 0.7234 0.0983 0.2311 
0 0.5045 0.8794 0.7304 0.1467 0.2303 
0 0.4915 0.2582 0.5772 0.218 0.3429 
0 0.4396 0.1297 0.8705 0.2594 0.2563 
0 0.4 0.8859 0.6613 0.2067 0.4398 
0 0.3717 0.7259 0.6657 0.1375 0.1832 
0 0.3576 0.9562 0.7318 0.0798 0.3244 
0 0.3561 0.2052 0.5888 0.1388 0.2008 
0 0.3184 0.3526 0.5611 0.0557 0.0921 
0 0.3021 0.3544 0.562 0.0913 0.1604 
0 0.2716 0.4998 0.5705 0.0548 0.0902 
0 0.2694 0.6532 0.6542 0.1401 0.1988 
0 0.265 0.4221 0.5692 0.0668 0.1065 
0 0.2618 0.1126 0.6442 0.1351 0.2453 
