0 0.4961 0.7226 0.419 0.0628 0.0634 
0 0.4775 0.9543 0.4989 0.0886 0.2412 
0 0.4133 0.519 0.4467 0.0935 0.1111 
0 0.3789 0.6509 0.42 0.0396 0.0463 
0 0.3221 0.9621 0.5004 0.0587 0.1439 
0 0.3061 0.9459 0.3496 0.1067 0.5737 
0 0.2975 0.5652 0.4386 0.0549 0.0755 
0 0.2935 0.5783 0.4281 0.0282 0.0352 
0 0.2725 0.5094 0.4405 0.0583 0.0642 
0 0.2708 0.8844 0.434 0.0554 0.0556 
0 0.2654 0.9047 0.4862 0.1098 0.1564 
0 0.2653 0.0304 0.4999 0.0516 0.083 
0 0.2622 0.4361 0.4423 0.0578 0.0585 
0 0.2573 0.1874 0.4969 0.079 0.09 
