0 0.823 0.7414 0.6583 0.3762 0.3189 
0 0.7411 0.3243 0.5792 0.1379 0.2144 
0 0.6734 0.1029 0.6623 0.1835 0.4989 
0 0.6381 0.5621 0.5781 0.1399 0.2101 
0 0.6153 0.2005 0.566 0.1069 0.1299 
0 0.5444 0.5113 0.5581 0.1033 0.1607 
0 0.3937 0.9653 0.8035 0.0627 0.2778 
0 0.3706 0.2577 0.558 0.0517 0.0916 
0 0.3651 0.4259 0.5223 0.0403 0.065 
0 0.3346 0.1129 0.5721 0.1209 0.1694 
0 0.332 0.1956 0.5279 0.0669 0.0732 
0 0.3222 0.487 0.5233 0.0518 0.0783 
0 0.3162 0.2709 0.5714 0.0934 0.1506 
0 0.2958 0.9612 0.5036 0.0759 0.311 
0 0.2792 0.9669 0.7361 0.0516 0.114 
0 0.2581 0.2627 0.5224 0.0373 0.0527 
