0 0.7059 0.7259 0.3288 0.211 0.116 
0 0.6584 0.0502 0.4163 0.0955 0.2475 
0 0.6139 0.2726 0.2849 0.1328 0.2427 
0 0.5143 0.813 0.3318 0.167 0.1053 
0 0.486 0.9647 0.3336 0.069 0.0713 
0 0.4228 0.1781 0.3504 0.0363 0.0469 
0 0.4122 0.1908 0.3497 0.0295 0.0405 
0 0.3555 0.1251 0.3519 0.0403 0.0464 
0 0.3496 0.8742 0.3331 0.122 0.0914 
0 0.3459 0.643 0.3321 0.0763 0.0589 
0 0.3094 0.8122 0.3259 0.09 0.0628 
0 0.3066 0.424 0.3383 0.0286 0.0285 
0 0.3 0.8816 0.3263 0.0785 0.0507 
0 0.2923 0.5867 0.3379 0.0608 0.0407 
0 0.2888 0.0398 0.3472 0.0574 0.0774 
0 0.2854 0.3495 0.3426 0.0268 0.0325 
0 0.2526 0.4132 0.3312 0.0357 0.0354 
