0 0.742 0.5209 0.6257 0.0895 0.158 
0 0.6414 0.1042 0.6597 0.128 0.112 
0 0.5721 0.8029 0.6492 0.2171 0.1498 
0 0.5247 0.6587 0.6304 0.0886 0.1359 
0 0.4874 0.261 0.6211 0.0596 0.0652 
0 0.4597 0.0496 0.6645 0.0842 0.1563 
0 0.4191 0.5592 0.627 0.0834 0.1481 
0 0.4137 0.3471 0.5989 0.042 0.052 
0 0.4133 0.4214 0.5917 0.0265 0.0398 
0 0.3746 0.1885 0.629 0.0654 0.0672 
0 0.3128 0.6486 0.5931 0.0408 0.0604 
0 0.2771 0.5775 0.5792 0.0197 0.0395 
0 0.2743 0.1995 0.6099 0.0564 0.0542 
0 0.2674 0.4374 0.5897 0.0129 0.0319 
0 0.2567 0.7255 0.6436 0.0531 0.0773 
0 0.2543 0.8117 0.5851 0.3328 0.282 
0 0.2507 0.7271 0.6401 0.1207 0.1205 
