0 0.6802 0.823 0.3417 0.2622 0.2989 
0 0.6704 0.1035 0.419 0.1771 0.3867 
0 0.6594 0.1798 0.3366 0.0909 0.1807 
0 0.6309 0.5788 0.3287 0.1603 0.1874 
0 0.5629 0.5023 0.2912 0.1062 0.151 
0 0.5514 0.0477 0.4245 0.0759 0.4491 
0 0.5369 0.2617 0.3177 0.0356 0.0916 
0 0.5102 0.635 0.2852 0.1516 0.1682 
0 0.4946 0.2748 0.2999 0.0294 0.0598 
0 0.4598 0.1145 0.3445 0.1161 0.2184 
0 0.4557 0.4155 0.2928 0.0413 0.081 
0 0.3571 0.495 0.3255 0.0593 0.125 
0 0.3299 0.889 0.2778 0.2144 0.1681 
0 0.2941 0.3463 0.2859 0.0158 0.0394 
0 0.2571 0.2003 0.2936 0.0486 0.0847 
