0 0.783 0.5509 0.5484 0.0972 0.142 
0 0.611 0.8866 0.5837 0.141 0.1699 
0 0.6087 0.2773 0.5191 0.1353 0.1185 
0 0.6087 0.1992 0.5205 0.1374 0.1276 
0 0.6029 0.1094 0.5731 0.2188 0.293 
0 0.5743 0.9476 0.5939 0.1031 0.2115 
0 0.5056 0.8274 0.5559 0.1129 0.14 
0 0.4393 0.7244 0.5204 0.0606 0.0907 
0 0.4349 0.3298 0.5077 0.0919 0.1195 
0 0.413 0.7979 0.5242 0.0717 0.089 
0 0.3907 0.9674 0.6412 0.0569 0.1623 
0 0.3722 0.4236 0.4969 0.0297 0.0438 
0 0.317 0.3462 0.5011 0.032 0.0516 
0 0.2988 0.5009 0.4999 0.0224 0.036 
0 0.2788 0.6549 0.5093 0.0229 0.0423 
