0 0.6217 0.8035 0.5719 0.1481 0.1794 
0 0.6056 0.7351 0.5518 0.0986 0.1468 
0 0.5551 0.8047 0.4286 0.2524 0.4864 
0 0.5408 0.6478 0.5136 0.0525 0.1203 
0 0.5071 0.8717 0.5881 0.1338 0.2332 
0 0.4929 0.9328 0.5832 0.1328 0.4719 
0 0.3551 0.0351 0.507 0.0686 0.1019 
0 0.3472 0.6698 0.5453 0.0449 0.1078 
0 0.3397 0.1086 0.4963 0.1603 0.1231 
0 0.3129 0.7987 0.577 0.0778 0.129 
0 0.3114 0.4243 0.4869 0.0258 0.0369 
0 0.2852 0.5005 0.486 0.02 0.0343 
0 0.2848 0.5773 0.4915 0.0202 0.0445 
0 0.2642 0.3488 0.4822 0.0448 0.047 
