0 0.7128 0.2684 0.6531 0.5094 0.5209 
0 0.705 0.8912 0.6447 0.2156 0.4675 
0 0.6549 0.7386 0.4237 0.1329 0.1159 
0 0.5681 0.7975 0.4323 0.1656 0.125 
0 0.4743 0.5729 0.3928 0.0612 0.071 
0 0.4608 0.8789 0.4164 0.0798 0.0614 
0 0.3891 0.6569 0.3946 0.0515 0.065 
0 0.3724 0.0502 0.4988 0.1004 0.4874 
0 0.367 0.8064 0.4173 0.0902 0.0797 
0 0.3391 0.8843 0.4176 0.0547 0.0358 
0 0.3296 0.5092 0.3923 0.0557 0.0637 
0 0.3048 0.3463 0.3577 0.0295 0.0323 
0 0.3045 0.5764 0.3763 0.0352 0.0375 
0 0.291 0.5786 0.4003 0.029 0.0461 
0 0.2897 0.8867 0.4894 0.2087 0.1605 
0 0.2866 0.6451 0.3783 0.0382 0.0405 
0 0.2826 0.655 0.4016 0.0273 0.0418 
0 0.2648 0.5016 0.3615 0.0235 0.031 
