0 0.7206 0.2012 0.589 0.1875 0.2031 
0 0.6453 0.4123 0.5686 0.1246 0.2144 
0 0.5703 0.5661 0.5036 0.0769 0.0887 
0 0.5298 0.2631 0.5714 0.1371 0.1793 
0 0.4532 0.3421 0.5539 0.0576 0.097 
0 0.4504 0.8118 0.4426 0.1475 0.1657 
0 0.4444 0.8775 0.4982 0.0625 0.0977 
0 0.4033 0.3504 0.5206 0.0515 0.0693 
0 0.4004 0.4997 0.501 0.0296 0.0399 
0 0.3487 0.4223 0.5769 0.1972 0.3438 
0 0.3441 0.9484 0.5075 0.1016 0.254 
0 0.332 0.2849 0.5148 0.063 0.0772 
0 0.3144 0.2778 0.5662 0.0643 0.1077 
0 0.3114 0.9404 0.3459 0.1176 0.6248 
0 0.2927 0.8104 0.4848 0.0702 0.0784 
0 0.2759 0.3477 0.5107 0.0314 0.0444 
0 0.2741 0.4237 0.5006 0.0293 0.0346 
