0 0.8723 0.1223 0.5057 0.2446 0.3293 
0 0.6953 0.7485 0.4754 0.1155 0.1409 
0 0.6343 0.8708 0.4417 0.1984 0.3544 
0 0.5643 0.2664 0.4462 0.1103 0.1425 
0 0.4786 0.8084 0.4923 0.1525 0.1962 
0 0.4271 0.2603 0.4698 0.0651 0.0991 
0 0.4042 0.1972 0.4836 0.1487 0.1853 
0 0.3949 0.3441 0.4417 0.0555 0.069 
0 0.3894 0.4241 0.4342 0.0326 0.0375 
0 0.3784 0.569 0.446 0.0354 0.046 
0 0.3079 0.3469 0.4351 0.0356 0.0426 
0 0.3068 0.8743 0.5498 0.1154 0.2181 
0 0.3008 0.6423 0.447 0.0472 0.0617 
0 0.2771 0.5006 0.4333 0.0235 0.0276 
0 0.265 0.6633 0.4676 0.0493 0.0683 
0 0.261 0.0429 0.5725 0.0818 0.3643 
