0 0.7419 0.6254 0.5493 0.1597 0.14 
0 0.7397 0.0904 0.5516 0.1543 0.1292 
0 0.4883 0.4197 0.5222 0.0587 0.0716 
0 0.4196 0.1997 0.5274 0.0611 0.0644 
0 0.4001 0.2661 0.5245 0.0474 0.0487 
0 0.3904 0.0336 0.5653 0.0585 0.1202 
0 0.3761 0.4954 0.5121 0.0462 0.0535 
0 0.2962 0.4231 0.5118 0.0307 0.0409 
0 0.2845 0.9615 0.5123 0.0503 0.0593 
0 0.2829 0.0268 0.5177 0.0508 0.0762 
0 0.2817 0.5 0.5063 0.0278 0.0324 
0 0.2774 0.1944 0.5175 0.0336 0.0393 
0 0.2728 0.1845 0.5418 0.0487 0.054 
0 0.2658 0.8891 0.5118 0.0595 0.0456 
0 0.2578 0.0501 0.5245 0.073 0.1563 
0 0.2509 0.5637 0.5091 0.0432 0.0659 
