0 0.7418 0.4423 0.4896 0.2383 0.311 
0 0.7329 0.0971 0.5027 0.1815 0.3405 
0 0.6995 0.25 0.4718 0.1316 0.1569 
0 0.4116 0.969 0.4295 0.0559 0.0979 
0 0.3678 0.1978 0.4764 0.102 0.1567 
0 0.3402 0.8052 0.4298 0.0704 0.0547 
0 0.3076 0.3364 0.4363 0.0804 0.138 
0 0.3004 0.3385 0.4318 0.0443 0.0805 
0 0.3002 0.7326 0.4269 0.0608 0.0481 
0 0.2949 0.0433 0.5674 0.0746 0.3421 
0 0.2846 0.1906 0.4284 0.0507 0.0833 
0 0.284 0.8833 0.4274 0.086 0.0573 
0 0.2784 0.581 0.4162 0.0573 0.0589 
0 0.2684 0.8912 0.4191 0.1657 0.102 
