0 0.8285 0.8977 0.6624 0.1968 0.5266 
0 0.6889 0.6626 0.5569 0.1027 0.1274 
0 0.553 0.0518 0.518 0.0996 0.2284 
0 0.5477 0.4967 0.5458 0.0442 0.0635 
0 0.4412 0.8007 0.5553 0.071 0.0619 
0 0.4244 0.0384 0.5697 0.0688 0.1404 
0 0.4063 0.5078 0.5271 0.0355 0.0548 
0 0.39 0.1968 0.5176 0.0679 0.0923 
0 0.3806 0.2629 0.5107 0.0658 0.0761 
0 0.3498 0.0964 0.5582 0.126 0.1355 
0 0.3427 0.5766 0.5428 0.0362 0.0524 
0 0.3265 0.5713 0.5243 0.0264 0.0424 
0 0.3248 0.7337 0.5574 0.0309 0.0376 
0 0.262 0.4344 0.5518 0.046 0.0626 
