0 0.7339 0.4125 0.5719 0.2346 0.1693 
0 0.4879 0.5806 0.5243 0.0645 0.0749 
0 0.4605 0.4964 0.5538 0.1266 0.1528 
0 0.4319 0.8116 0.5112 0.0864 0.0682 
0 0.4306 0.9649 0.4996 0.0657 0.0679 
0 0.372 0.51 0.5207 0.0686 0.0734 
0 0.3694 0.8838 0.5016 0.0727 0.06 
0 0.3587 0.6475 0.5137 0.0503 0.0511 
0 0.3579 0.7269 0.5641 0.1432 0.1939 
0 0.3475 0.2842 0.5612 0.1398 0.1198 
0 0.3375 0.1916 0.5472 0.0513 0.041 
0 0.3214 0.1179 0.5442 0.0367 0.0272 
0 0.3077 0.7855 0.556 0.1301 0.1551 
0 0.3031 0.8837 0.5016 0.0479 0.0345 
0 0.2939 0.9613 0.498 0.0469 0.037 
0 0.2826 0.5646 0.549 0.0875 0.1493 
0 0.2652 0.5788 0.514 0.0345 0.0474 
