0 0.5952 0.5697 0.5111 0.1233 0.1611 
0 0.5864 0.7204 0.5055 0.2878 0.2649 
0 0.5846 0.0345 0.562 0.069 0.3051 
0 0.5252 0.6432 0.5151 0.1574 0.2049 
0 0.5173 0.965 0.7379 0.0685 0.3218 
0 0.4908 0.0963 0.4952 0.1189 0.1466 
0 0.4454 0.4965 0.5027 0.0617 0.0902 
0 0.4417 0.2696 0.4843 0.0557 0.063 
0 0.4195 0.3511 0.4964 0.1055 0.1161 
0 0.3581 0.1129 0.4946 0.0713 0.0823 
0 0.345 0.4998 0.4979 0.0303 0.0565 
0 0.3174 0.4319 0.491 0.0485 0.0721 
0 0.3159 0.4246 0.4918 0.0273 0.0437 
0 0.2717 0.3423 0.4876 0.0588 0.061 
0 0.2623 0.1923 0.4821 0.0499 0.0553 
