0 0.5751 0.3232 0.6233 0.1025 0.1063 
0 0.5727 0.8155 0.5785 0.1728 0.1125 
0 0.3871 0.0361 0.5843 0.0577 0.0812 
0 0.3464 0.3455 0.5998 0.0627 0.054 
0 0.3299 0.9656 0.571 0.0667 0.0901 
0 0.3147 0.1099 0.5808 0.0807 0.0927 
0 0.3121 0.1209 0.5796 0.0484 0.0547 
0 0.3019 0.4222 0.5906 0.0648 0.0544 
0 0.3017 0.4888 0.5832 0.0772 0.0549 
0 0.2952 0.269 0.5856 0.0328 0.0299 
0 0.2886 0.2752 0.6212 0.0621 0.0618 
0 0.2831 0.8802 0.5726 0.0995 0.0772 
0 0.2716 0.0268 0.6316 0.049 0.1009 
0 0.2612 0.2787 0.6243 0.1031 0.0993 
0 0.2552 0.1929 0.5751 0.0249 0.0227 
