0 0.7756 0.2469 0.6383 0.2381 0.232 
0 0.742 0.4436 0.6439 0.2005 0.2727 
0 0.6605 0.9322 0.8015 0.1341 0.3941 
0 0.6573 0.7115 0.717 0.2789 0.3298 
0 0.5499 0.6597 0.6576 0.1675 0.2271 
0 0.4237 0.8942 0.6507 0.1968 0.4764 
0 0.4104 0.5749 0.6347 0.0561 0.1011 
0 0.3852 0.5779 0.5892 0.0496 0.081 
0 0.3639 0.7961 0.5859 0.0469 0.0835 
0 0.3328 0.8099 0.6474 0.0509 0.1045 
0 0.2961 0.5773 0.5793 0.0322 0.0484 
0 0.2793 0.3519 0.5774 0.0524 0.0871 
0 0.2541 0.349 0.5846 0.0841 0.1637 
0 0.2537 0.2069 0.5263 0.2258 0.381 
