0 0.7319 0.8771 0.6666 0.2443 0.2496 
0 0.6937 0.7335 0.6331 0.1105 0.1576 
0 0.6815 0.1014 0.6432 0.2027 0.15 
0 0.5532 0.6776 0.622 0.0627 0.124 
0 0.5116 0.6479 0.6055 0.061 0.0892 
0 0.5102 0.9559 0.7261 0.0867 0.3802 
0 0.4129 0.3508 0.6087 0.0575 0.0578 
0 0.3976 0.1998 0.6004 0.074 0.0636 
0 0.36 0.2784 0.6058 0.0634 0.0627 
0 0.3517 0.4201 0.6047 0.0304 0.0338 
0 0.3425 0.5811 0.5951 0.0378 0.0559 
0 0.2987 0.8815 0.4994 0.23 0.7452 
0 0.2703 0.4999 0.5878 0.0211 0.0266 
0 0.2526 0.1871 0.6282 0.13 0.1128 
