0 0.6766 0.7954 0.5862 0.1799 0.1814 
0 0.6366 0.3305 0.562 0.1392 0.1261 
0 0.5477 0.662 0.5496 0.0555 0.091 
0 0.5214 0.1144 0.6397 0.1572 0.1724 
0 0.5148 0.4123 0.5491 0.0642 0.0801 
0 0.4801 0.8823 0.7255 0.1906 0.4225 
0 0.4669 0.7271 0.5714 0.1116 0.1655 
0 0.4651 0.6457 0.5291 0.0494 0.0768 
0 0.4635 0.4318 0.5297 0.0598 0.0807 
0 0.4588 0.4998 0.5258 0.0347 0.0474 
0 0.3349 0.044 0.648 0.0879 0.2396 
0 0.3143 0.4909 0.5416 0.0368 0.0455 
0 0.3044 0.654 0.5566 0.0274 0.0663 
0 0.2966 0.1239 0.5161 0.0711 0.0707 
0 0.2765 0.2016 0.5787 0.1829 0.1406 
