0 0.7448 0.5565 0.5777 0.1619 0.2175 
0 0.6834 0.8673 0.6407 0.2638 0.2663 
0 0.6174 0.804 0.6004 0.1876 0.1669 
0 0.4487 0.7201 0.5779 0.0723 0.0777 
0 0.3944 0.6614 0.5536 0.0498 0.065 
0 0.3775 0.7233 0.5865 0.1138 0.1336 
0 0.3765 0.1886 0.5517 0.0636 0.0398 
0 0.3587 0.6512 0.5226 0.0388 0.0492 
0 0.3141 0.4255 0.5207 0.044 0.0605 
0 0.2922 0.3365 0.5178 0.1104 0.1101 
0 0.2887 0.6554 0.5597 0.0288 0.0439 
0 0.271 0.2817 0.5188 0.1229 0.1083 
0 0.2626 0.3475 0.5169 0.0532 0.0678 
0 0.2613 0.0327 0.5132 0.0613 0.0888 
0 0.2571 0.6524 0.5609 0.0832 0.1221 
0 0.2557 0.0315 0.5653 0.0581 0.0659 
