0 0.6883 0.7334 0.4915 0.2036 0.2786 
0 0.6643 0.2626 0.4807 0.1368 0.219 
0 0.5995 0.3621 0.4441 0.0607 0.1265 
0 0.565 0.6414 0.4899 0.0609 0.1589 
0 0.5607 0.1109 0.5634 0.2006 0.371 
0 0.5422 0.6383 0.4466 0.0981 0.217 
0 0.5116 0.3381 0.4692 0.0521 0.12 
0 0.5001 0.718 0.3647 0.1636 0.6542 
0 0.4613 0.5659 0.4464 0.0518 0.1099 
0 0.4186 0.4195 0.4347 0.0324 0.0597 
0 0.3928 0.4997 0.43 0.0242 0.0485 
0 0.3903 0.589 0.4689 0.0464 0.093 
0 0.3182 0.5095 0.426 0.0291 0.0648 
0 0.3028 0.2129 0.4944 0.1141 0.2639 
