0 0.6734 0.5976 0.4787 0.0899 0.1294 
0 0.6465 0.8717 0.5798 0.255 0.3057 
0 0.6415 0.0553 0.5098 0.1105 0.1985 
0 0.6398 0.1101 0.5042 0.1525 0.1624 
0 0.5342 0.5102 0.466 0.0335 0.0623 
0 0.5257 0.7109 0.5196 0.1551 0.1795 
0 0.5158 0.6466 0.5136 0.1288 0.1544 
0 0.4824 0.2598 0.4685 0.0526 0.0583 
0 0.4797 0.1763 0.483 0.1113 0.1161 
0 0.4659 0.4943 0.4566 0.0317 0.0519 
0 0.4449 0.3517 0.4565 0.0348 0.0521 
0 0.4353 0.2766 0.4562 0.0535 0.0792 
0 0.4241 0.7907 0.5108 0.2265 0.1847 
0 0.3647 0.5003 0.473 0.0202 0.0537 
0 0.3336 0.1219 0.5029 0.0937 0.1052 
0 0.2963 0.6445 0.5002 0.0635 0.0949 
0 0.2867 0.4252 0.4556 0.0212 0.0324 
0 0.2851 0.562 0.4546 0.0426 0.0691 
0 0.281 0.0621 0.4348 0.1241 0.4619 
0 0.2501 0.0348 0.5631 0.0625 0.1554 
