0 0.7931 0.8211 0.8852 0.2922 0.2269 
0 0.6766 0.5783 0.8879 0.1388 0.1487 
0 0.6598 0.6389 0.8949 0.1601 0.1698 
0 0.6361 0.3466 0.8707 0.098 0.1632 
0 0.5664 0.496 0.8651 0.0626 0.1017 
0 0.5617 0.1815 0.8517 0.0355 0.0497 
0 0.5533 0.1134 0.8661 0.0682 0.0857 
0 0.5205 0.042 0.8808 0.0728 0.109 
0 0.4903 0.4313 0.8559 0.0423 0.0741 
0 0.4636 0.1927 0.8391 0.0262 0.0354 
0 0.4162 0.1932 0.8594 0.0247 0.0452 
0 0.3612 0.9565 0.8101 0.0855 0.1839 
0 0.3562 0.4843 0.8376 0.04 0.0649 
0 0.3493 0.3477 0.8626 0.0645 0.0923 
0 0.3363 0.4247 0.8253 0.0235 0.0465 
0 0.3288 0.4992 0.8688 0.0266 0.077 
0 0.3257 0.1275 0.8402 0.0443 0.0515 
0 0.2943 0.2692 0.8233 0.0169 0.0298 
0 0.2682 0.201 0.8322 0.015 0.033 
