0 0.7229 0.1113 0.5591 0.2048 0.1549 
0 0.6015 0.5937 0.5601 0.0847 0.1365 
0 0.5686 0.1848 0.5558 0.1603 0.123 
0 0.5386 0.3374 0.5453 0.0465 0.0605 
0 0.5101 0.2677 0.5511 0.0811 0.0786 
0 0.5011 0.0534 0.5705 0.097 0.1985 
0 0.4034 0.6388 0.5736 0.0641 0.1022 
0 0.3835 0.423 0.5253 0.0308 0.0511 
0 0.3615 0.1944 0.5591 0.0846 0.09 
0 0.328 0.202 0.5214 0.0715 0.07 
0 0.3273 0.4191 0.544 0.0282 0.0421 
0 0.3177 0.3502 0.5254 0.0579 0.082 
0 0.3149 0.5117 0.5484 0.0312 0.0538 
0 0.3043 0.564 0.522 0.0353 0.0792 
0 0.2953 0.5763 0.5645 0.0223 0.0675 
0 0.2946 0.507 0.5132 0.0368 0.0791 
