0 0.7931 0.8641 0.6446 0.2702 0.3463 
0 0.7667 0.2005 0.4925 0.2589 0.4622 
0 0.688 0.7202 0.578 0.1609 0.2656 
0 0.6245 0.6452 0.5047 0.1277 0.2261 
0 0.5824 0.5701 0.4987 0.0502 0.132 
0 0.5571 0.4222 0.5067 0.0861 0.1589 
0 0.4887 0.3442 0.5613 0.1105 0.1885 
0 0.3363 0.3571 0.5054 0.0543 0.1135 
0 0.3335 0.5645 0.4467 0.0473 0.1054 
0 0.2988 0.1168 0.65 0.2337 0.3486 
0 0.296 0.0491 0.7257 0.0839 0.2783 
0 0.2933 0.4144 0.5507 0.0525 0.1263 
0 0.2862 0.5692 0.4437 0.0838 0.168 
0 0.2554 0.5762 0.495 0.0248 0.0973 
