0 0.7066 0.3609 0.5598 0.0974 0.1413 
0 0.6903 0.65 0.5605 0.1681 0.1253 
0 0.523 0.5765 0.5602 0.075 0.0831 
0 0.5156 0.5113 0.5479 0.0414 0.061 
0 0.4857 0.8243 0.6282 0.1105 0.1618 
0 0.4737 0.0366 0.5659 0.065 0.0947 
0 0.4165 0.1165 0.5531 0.0667 0.0676 
0 0.379 0.4997 0.5273 0.0363 0.0539 
0 0.3537 0.7203 0.5717 0.1645 0.1282 
0 0.3368 0.2709 0.5171 0.0402 0.0572 
0 0.3321 0.1876 0.5499 0.049 0.0482 
0 0.3281 0.2737 0.5463 0.0428 0.048 
0 0.3214 0.0367 0.5204 0.0575 0.0831 
0 0.3115 0.8672 0.5864 0.1392 0.2112 
0 0.3091 0.4056 0.556 0.0724 0.1058 
0 0.304 0.8797 0.5788 0.216 0.3782 
0 0.2873 0.3543 0.5234 0.0479 0.1 
0 0.279 0.5623 0.5294 0.0534 0.0671 
0 0.2654 0.8028 0.5831 0.0585 0.085 
