0 0.6047 0.7254 0.563 0.1245 0.1893 
0 0.5615 0.6357 0.5182 0.1063 0.1805 
0 0.477 0.5707 0.5122 0.0429 0.1062 
0 0.4768 0.9606 0.6477 0.0751 0.3763 
0 0.4656 0.8087 0.574 0.2521 0.2867 
0 0.4628 0.9452 0.5005 0.108 0.6286 
0 0.4611 0.1919 0.5573 0.0611 0.1082 
0 0.4507 0.2647 0.5145 0.0885 0.1443 
0 0.3863 0.3448 0.5104 0.0414 0.0716 
0 0.3452 0.1999 0.5191 0.0536 0.1005 
0 0.3316 0.5764 0.5037 0.0231 0.0745 
0 0.3288 0.6526 0.5557 0.0665 0.1326 
0 0.2962 0.1206 0.5737 0.1289 0.2212 
0 0.2616 0.5002 0.4986 0.0181 0.0387 
0 0.2614 0.8865 0.5028 0.2096 0.4826 
0 0.2589 0.4227 0.5009 0.0201 0.0398 
0 0.2565 0.5068 0.4983 0.0257 0.0541 
0 0.2515 0.648 0.5093 0.0484 0.098 
