0 0.782 0.7903 0.7179 0.2085 0.1848 
0 0.681 0.1285 0.6772 0.1215 0.1214 
0 0.5376 0.6551 0.6636 0.1162 0.1353 
0 0.5063 0.5772 0.657 0.0551 0.075 
0 0.4075 0.5769 0.6535 0.0304 0.0529 
0 0.4045 0.2669 0.662 0.0507 0.0653 
0 0.377 0.0395 0.7152 0.0607 0.108 
0 0.3719 0.1857 0.6681 0.1061 0.1066 
0 0.3363 0.8147 0.5925 0.2917 0.3942 
0 0.3078 0.3419 0.6512 0.0392 0.0504 
0 0.2704 0.7196 0.6776 0.123 0.1744 
0 0.2603 0.501 0.6494 0.024 0.0346 
0 0.2581 0.0375 0.6673 0.0555 0.0902 
0 0.2537 0.042 0.6724 0.0809 0.1625 
