0 0.5668 0.7258 0.4803 0.0808 0.0743 
0 0.4366 0.1902 0.479 0.067 0.0848 
0 0.4078 0.6633 0.4723 0.0682 0.0596 
0 0.3884 0.2528 0.4793 0.0979 0.1275 
0 0.3668 0.3472 0.4358 0.0269 0.0385 
0 0.3627 0.2606 0.4761 0.0587 0.0756 
0 0.3596 0.7912 0.4789 0.0665 0.0587 
0 0.3508 0.5762 0.4497 0.0568 0.0609 
0 0.3412 0.0404 0.4302 0.0809 0.1998 
0 0.2999 0.7307 0.4858 0.0392 0.049 
0 0.2954 0.5874 0.4671 0.0558 0.0497 
0 0.2884 0.6499 0.4536 0.0505 0.0553 
0 0.2751 0.1198 0.4298 0.0541 0.0637 
0 0.2716 0.1195 0.482 0.112 0.1256 
0 0.2709 0.6553 0.4795 0.035 0.0406 
0 0.2706 0.1889 0.4394 0.0474 0.0524 
0 0.2703 0.4232 0.434 0.0239 0.0271 
0 0.2598 0.5001 0.4373 0.0259 0.031 
