0 0.8183 0.8289 0.708 0.2562 0.2885 
0 0.6849 0.1781 0.6516 0.1739 0.129 
0 0.5965 0.6456 0.6464 0.0681 0.125 
0 0.574 0.5936 0.6267 0.0442 0.1093 
0 0.5709 0.7195 0.6676 0.1258 0.202 
0 0.5496 0.046 0.6588 0.0921 0.2018 
0 0.489 0.5703 0.6071 0.041 0.0822 
0 0.4577 0.2624 0.6355 0.068 0.0778 
0 0.4096 0.577 0.6339 0.0227 0.0772 
0 0.3751 0.808 0.4999 0.2736 0.6971 
0 0.3301 0.351 0.5972 0.0404 0.0566 
0 0.3293 0.2757 0.6007 0.0601 0.0691 
0 0.3076 0.1896 0.6435 0.1044 0.0844 
0 0.2983 0.11 0.6497 0.0725 0.0944 
0 0.2924 0.4238 0.5835 0.0225 0.0346 
0 0.2887 0.5005 0.5885 0.0192 0.0344 
