0 0.7197 0.515 0.4697 0.0813 0.1345 
0 0.6949 0.1864 0.477 0.0952 0.1144 
0 0.6511 0.6703 0.5076 0.2655 0.278 
0 0.5359 0.2703 0.4482 0.0324 0.0585 
0 0.5182 0.2544 0.4683 0.0414 0.0837 
0 0.4795 0.7853 0.578 0.4279 0.6442 
0 0.4411 0.4245 0.4384 0.0278 0.0583 
0 0.4123 0.4887 0.4484 0.0556 0.0928 
0 0.3856 0.9573 0.3532 0.0839 0.2364 
0 0.3533 0.5589 0.4839 0.1148 0.1487 
0 0.3222 0.2037 0.4486 0.0521 0.07 
0 0.3081 0.4409 0.4647 0.0288 0.0682 
0 0.3047 0.3464 0.4273 0.0171 0.0291 
0 0.2914 0.0407 0.4958 0.0814 0.1574 
0 0.2582 0.1237 0.4831 0.0644 0.079 
