0 0.7557 0.8594 0.5827 0.2796 0.2827 
0 0.7033 0.7244 0.5711 0.1971 0.2171 
0 0.5642 0.1172 0.4952 0.0848 0.0892 
0 0.4525 0.1874 0.4839 0.0528 0.0709 
0 0.437 0.0353 0.4966 0.0666 0.0976 
0 0.4241 0.4156 0.4686 0.037 0.0556 
0 0.3555 0.3478 0.4686 0.0365 0.0556 
0 0.3523 0.9664 0.4919 0.0657 0.0988 
0 0.34 0.9581 0.651 0.0766 0.3148 
0 0.3265 0.2683 0.4724 0.0396 0.0589 
0 0.2899 0.6407 0.4905 0.0569 0.0776 
0 0.2806 0.9301 0.5811 0.1381 0.5002 
0 0.2672 0.347 0.4453 0.0203 0.0383 
0 0.2547 0.2781 0.4533 0.0343 0.0486 
