0 0.8381 0.7937 0.475 0.2342 0.2494 
0 0.4838 0.579 0.3985 0.0545 0.0871 
0 0.3798 0.5771 0.4044 0.0258 0.0589 
0 0.3546 0.501 0.3959 0.0465 0.0821 
0 0.3421 0.5724 0.3732 0.0355 0.0569 
0 0.3198 0.7195 0.4303 0.1179 0.1969 
0 0.3194 0.6414 0.4052 0.0539 0.0831 
0 0.2913 0.5007 0.4025 0.0228 0.0518 
0 0.2756 0.3476 0.3532 0.0269 0.0439 
0 0.2721 0.8878 0.3677 0.0571 0.0597 
0 0.2707 0.5004 0.3576 0.0195 0.0422 
0 0.2567 0.9476 0.4169 0.0903 0.1632 
0 0.2537 0.8991 0.4072 0.0439 0.0778 
0 0.2512 0.2751 0.349 0.0475 0.0517 
