0 0.7557 0.8101 0.4139 0.3256 0.4593 
0 0.7418 0.0943 0.565 0.1785 0.3178 
0 0.6861 0.1946 0.4808 0.1516 0.1724 
0 0.6257 0.6389 0.4285 0.1013 0.2742 
0 0.5979 0.3497 0.4446 0.0534 0.1035 
0 0.5431 0.277 0.4503 0.0942 0.1444 
0 0.5014 0.5659 0.4332 0.0399 0.1461 
0 0.3982 0.5035 0.4154 0.0233 0.0658 
0 0.389 0.4232 0.4229 0.0194 0.0511 
0 0.3488 0.5681 0.3658 0.0713 0.2513 
0 0.3411 0.5851 0.4718 0.0374 0.1041 
0 0.2733 0.4316 0.4186 0.0175 0.0483 
0 0.2713 0.3486 0.4334 0.0273 0.0723 
0 0.2604 0.3347 0.4662 0.0408 0.0849 
