0 0.5927 0.1125 0.5619 0.1474 0.1094 
0 0.5487 0.5733 0.5829 0.0916 0.122 
0 0.4356 0.0347 0.5737 0.0678 0.1032 
0 0.4003 0.1953 0.554 0.0646 0.0669 
0 0.3759 0.2571 0.5512 0.0421 0.0432 
0 0.3328 0.2692 0.5603 0.0292 0.0365 
0 0.3308 0.5819 0.6256 0.0847 0.082 
0 0.3302 0.8785 0.5695 0.2108 0.1475 
0 0.2954 0.4376 0.5659 0.0498 0.0588 
0 0.2877 0.4891 0.572 0.0657 0.0935 
0 0.2722 0.1934 0.561 0.0337 0.0452 
0 0.2689 0.5003 0.5735 0.0265 0.04 
0 0.2622 0.4249 0.5685 0.0263 0.0423 
0 0.2584 0.8015 0.5932 0.07 0.0851 
