0 0.832 0.2522 0.5848 0.2635 0.3697 
0 0.7896 0.5919 0.6286 0.1696 0.2016 
0 0.6525 0.801 0.6443 0.168 0.2071 
0 0.6397 0.8752 0.7219 0.248 0.374 
0 0.3942 0.4233 0.5727 0.0289 0.0451 
0 0.3658 0.0467 0.5028 0.0911 0.1861 
0 0.3524 0.482 0.5829 0.0417 0.0686 
0 0.3371 0.7228 0.6368 0.0646 0.1057 
0 0.3124 0.6656 0.597 0.0484 0.076 
0 0.299 0.3626 0.5641 0.0362 0.057 
0 0.2945 0.965 0.5842 0.0684 0.0864 
0 0.2844 0.3475 0.5668 0.0256 0.0404 
0 0.2808 0.4967 0.5778 0.0278 0.0468 
0 0.2643 0.0406 0.5642 0.0642 0.0883 
