0 0.5569 0.1101 0.486 0.1374 0.1427 
0 0.3821 0.8862 0.4467 0.0674 0.0502 
0 0.3776 0.3406 0.4318 0.0607 0.0536 
0 0.3543 0.1156 0.4889 0.0806 0.0908 
0 0.3524 0.0505 0.4961 0.0908 0.1708 
0 0.3082 0.1723 0.4841 0.1221 0.1236 
0 0.2917 0.5919 0.4372 0.114 0.1078 
0 0.2898 0.2704 0.432 0.0575 0.0492 
0 0.2864 0.7305 0.4432 0.0565 0.0516 
0 0.2864 0.8132 0.4681 0.0723 0.0549 
0 0.2863 0.8091 0.4467 0.0637 0.0515 
0 0.2746 0.8135 0.4454 0.1073 0.0906 
0 0.2637 0.885 0.4378 0.0412 0.0294 
0 0.2612 0.888 0.4702 0.0702 0.0497 
0 0.2606 0.0368 0.4907 0.0571 0.0899 
0 0.2554 0.3466 0.4285 0.0391 0.033 
