0 0.6521 0.6635 0.8835 0.1407 0.1893 
0 0.5056 0.4214 0.8892 0.0725 0.0835 
0 0.454 0.4189 0.8811 0.1253 0.1348 
0 0.4421 0.1924 0.8156 0.2837 0.2844 
0 0.4419 0.187 0.8924 0.1651 0.1512 
0 0.4272 0.7177 0.8271 0.1308 0.2114 
0 0.3926 0.9358 0.5814 0.1268 0.5001 
0 0.3399 0.5756 0.8116 0.0219 0.0456 
0 0.3233 0.4235 0.8193 0.1056 0.1731 
0 0.315 0.6525 0.8309 0.0949 0.1778 
0 0.3013 0.4177 0.8159 0.2324 0.3088 
0 0.2825 0.5885 0.8763 0.0798 0.1577 
0 0.2816 0.2591 0.8926 0.1535 0.1318 
0 0.2797 0.1136 0.8149 0.1538 0.2051 
0 0.2772 0.1163 0.9386 0.1903 0.1189 
0 0.2741 0.5111 0.8141 0.0304 0.0485 
0 0.2722 0.5015 0.8097 0.0227 0.0405 
0 0.257 0.3457 0.8834 0.1484 0.1297 
