0 0.8337 0.7935 0.6574 0.3503 0.2256 
0 0.6963 0.5893 0.6253 0.0954 0.135 
0 0.6843 0.1858 0.6368 0.1916 0.1846 
0 0.6207 0.2499 0.6295 0.1462 0.1602 
0 0.5712 0.3547 0.6028 0.0513 0.0857 
0 0.5479 0.0514 0.6478 0.1028 0.2425 
0 0.4937 0.1235 0.6566 0.2122 0.2796 
0 0.4827 0.643 0.6387 0.1409 0.1679 
0 0.4522 0.4982 0.5982 0.0375 0.0694 
0 0.4282 0.337 0.6204 0.0491 0.0812 
0 0.4221 0.5161 0.6185 0.0364 0.0718 
0 0.4047 0.4232 0.5916 0.0206 0.0434 
0 0.3745 0.5649 0.6017 0.0585 0.0868 
0 0.3279 0.0363 0.5798 0.0727 0.0932 
0 0.313 0.2814 0.5937 0.0738 0.087 
0 0.2888 0.9632 0.6431 0.072 0.244 
0 0.2842 0.4329 0.5887 0.0132 0.0326 
0 0.276 0.3493 0.5914 0.028 0.0616 
0 0.2657 0.9667 0.5806 0.0651 0.0989 
