0 0.8085 0.6667 0.6368 0.184 0.2315 
0 0.617 0.4797 0.5921 0.0982 0.1367 
0 0.5908 0.1033 0.5716 0.1666 0.1511 
0 0.5178 0.0527 0.5757 0.0947 0.2029 
0 0.4814 0.1959 0.5679 0.0847 0.0826 
0 0.448 0.2668 0.5653 0.0681 0.067 
0 0.4429 0.345 0.5617 0.0493 0.0503 
0 0.3753 0.2705 0.5682 0.039 0.0429 
0 0.3734 0.4426 0.5832 0.0746 0.1009 
0 0.3655 0.5585 0.5727 0.0381 0.0637 
0 0.3502 0.1135 0.5773 0.2271 0.3091 
0 0.3027 0.4985 0.5767 0.0563 0.0718 
0 0.2783 0.5746 0.5699 0.0257 0.0455 
0 0.2704 0.0349 0.5736 0.061 0.1184 
0 0.2552 0.122 0.5686 0.0826 0.0782 
