0 0.8688 0.3632 0.5865 0.3134 0.3215 
0 0.5207 0.6582 0.5649 0.0969 0.1524 
0 0.4176 0.1851 0.5134 0.0977 0.1556 
0 0.4061 0.9486 0.5815 0.1013 0.2899 
0 0.3771 0.8881 0.574 0.1282 0.1898 
0 0.3651 0.1931 0.5134 0.0658 0.0905 
0 0.3592 0.5703 0.5276 0.0419 0.0738 
0 0.3476 0.514 0.5233 0.0358 0.0643 
0 0.332 0.1104 0.5719 0.135 0.148 
0 0.3243 0.058 0.5861 0.1141 0.2063 
0 0.2872 0.4126 0.6517 0.5314 0.4848 
0 0.2713 0.1868 0.5567 0.0678 0.103 
0 0.2586 0.5773 0.5575 0.0236 0.0529 
0 0.2518 0.7228 0.5736 0.1012 0.1628 
