0 0.847 0.2568 0.4129 0.2866 0.2606 
0 0.6725 0.7276 0.4001 0.1079 0.1523 
0 0.6506 0.4294 0.3658 0.0751 0.1069 
0 0.5887 0.7889 0.4137 0.151 0.1559 
0 0.5699 0.6502 0.3692 0.0561 0.0861 
0 0.5529 0.1175 0.497 0.235 0.3437 
0 0.4569 0.0464 0.3544 0.0929 0.1829 
0 0.4509 0.6643 0.391 0.0492 0.099 
0 0.405 0.5768 0.3503 0.0246 0.0439 
0 0.3656 0.5004 0.3471 0.0236 0.0459 
0 0.3589 0.3643 0.3535 0.0555 0.0909 
0 0.3295 0.3382 0.4039 0.1242 0.1976 
0 0.3214 0.1089 0.3558 0.1344 0.1387 
0 0.3188 0.6537 0.3577 0.0307 0.0558 
0 0.2929 0.7166 0.3668 0.0502 0.0762 
0 0.2919 0.9633 0.4213 0.0719 0.1732 
0 0.2743 0.1112 0.3508 0.0793 0.0773 
0 0.264 0.499 0.3523 0.0405 0.0677 
