0 0.8118 0.2829 0.5913 0.1821 0.1957 
0 0.7845 0.8956 0.6515 0.2057 0.5363 
0 0.7364 0.7252 0.5827 0.1645 0.2711 
0 0.7295 0.1106 0.5978 0.2205 0.4124 
0 0.6741 0.5015 0.5521 0.0841 0.1272 
0 0.5738 0.6397 0.5648 0.0616 0.1288 
0 0.5457 0.4111 0.5561 0.0807 0.1256 
0 0.4933 0.3462 0.5791 0.1063 0.1727 
0 0.4003 0.5735 0.5194 0.0265 0.0634 
0 0.3635 0.4271 0.5253 0.041 0.0709 
0 0.3439 0.5048 0.5201 0.0431 0.0696 
0 0.3279 0.8583 0.4396 0.2819 0.8791 
0 0.3098 0.5766 0.5459 0.0264 0.0799 
0 0.2876 0.6344 0.5207 0.0356 0.0902 
0 0.2571 0.4234 0.5617 0.0257 0.0739 
