0 0.5823 0.0528 0.4988 0.0909 0.1443 
0 0.4626 0.425 0.512 0.0606 0.0779 
0 0.4575 0.8034 0.5299 0.0594 0.0573 
0 0.4068 0.1905 0.4884 0.0688 0.0606 
0 0.3986 0.7168 0.522 0.1154 0.1059 
0 0.3946 0.9715 0.5569 0.038 0.0724 
0 0.3705 0.9656 0.5193 0.0412 0.0882 
0 0.3648 0.2742 0.4963 0.0709 0.0588 
0 0.3548 0.7249 0.5287 0.0633 0.0664 
0 0.3472 0.5001 0.5022 0.024 0.0398 
0 0.3343 0.6538 0.5244 0.0506 0.0576 
0 0.3316 0.3531 0.5047 0.048 0.0561 
0 0.3224 0.096 0.4953 0.1115 0.1008 
0 0.3019 0.9615 0.5657 0.033 0.047 
0 0.3012 0.4238 0.504 0.0288 0.0461 
0 0.2713 0.5772 0.5048 0.0223 0.0306 
0 0.2645 0.1097 0.4887 0.0639 0.0605 
0 0.2552 0.6547 0.5152 0.0276 0.0397 
