0 0.7068 0.6688 0.7447 0.1815 0.2036 
0 0.67 0.2696 0.7421 0.1537 0.1605 
0 0.6178 0.4328 0.7305 0.2392 0.2716 
0 0.4061 0.1906 0.7369 0.136 0.1459 
0 0.3977 0.5691 0.7252 0.0651 0.0762 
0 0.3445 0.0427 0.7955 0.0854 0.1809 
0 0.3385 0.89 0.73 0.1028 0.1573 
0 0.323 0.8821 0.7234 0.0545 0.0805 
0 0.3215 0.5792 0.7253 0.1055 0.134 
0 0.3157 0.4952 0.6741 0.1628 0.1498 
0 0.3133 0.1207 0.7881 0.0557 0.0772 
0 0.3101 0.2697 0.7293 0.0761 0.0754 
0 0.2725 0.8068 0.7115 0.0522 0.0606 
0 0.2607 0.1922 0.7355 0.0621 0.0747 
0 0.2541 0.4936 0.7193 0.121 0.1267 
0 0.2523 0.8048 0.679 0.0558 0.0582 
