0 0.8033 0.1179 0.714 0.2292 0.4647 
0 0.6312 0.2754 0.6375 0.095 0.1598 
0 0.4611 0.4222 0.604 0.0401 0.0509 
0 0.4176 0.4963 0.5965 0.0457 0.0492 
0 0.3863 0.8163 0.5804 0.0783 0.0627 
0 0.3633 0.8758 0.5841 0.0617 0.0574 
0 0.3556 0.338 0.6232 0.043 0.0865 
0 0.3519 0.3545 0.6044 0.0425 0.0567 
0 0.3508 0.2012 0.6474 0.1302 0.22 
0 0.3346 0.6544 0.5748 0.0321 0.0282 
0 0.3244 0.7319 0.5739 0.0401 0.0293 
0 0.2939 0.28 0.5956 0.0606 0.0647 
0 0.2824 0.5776 0.5778 0.0283 0.0283 
0 0.2677 0.809 0.5768 0.042 0.0343 
0 0.2629 0.3493 0.5943 0.0244 0.0429 
