0 0.6819 0.408 0.651 0.1287 0.1984 
0 0.6768 0.1303 0.6736 0.2604 0.2963 
0 0.6072 0.8016 0.5061 0.2903 0.3856 
0 0.6013 0.6421 0.6398 0.2227 0.2791 
0 0.5779 0.5082 0.5923 0.1114 0.158 
0 0.5287 0.5676 0.5916 0.1416 0.1731 
0 0.4977 0.1083 0.5062 0.2166 0.4835 
0 0.4561 0.3455 0.6355 0.1096 0.1607 
0 0.4539 0.2757 0.5995 0.1013 0.1198 
0 0.3566 0.5007 0.586 0.0619 0.0997 
0 0.3489 0.1975 0.6579 0.1567 0.1909 
0 0.3172 0.3404 0.5971 0.0524 0.0749 
0 0.2946 0.4942 0.6274 0.052 0.0917 
0 0.2794 0.2742 0.6275 0.0621 0.0946 
0 0.2593 0.2077 0.5804 0.0649 0.0691 
