0 0.8196 0.1856 0.6478 0.2826 0.2441 
0 0.6463 0.799 0.5873 0.1488 0.2614 
0 0.6448 0.8831 0.6397 0.2322 0.3529 
0 0.6361 0.5191 0.5561 0.0769 0.1284 
0 0.5687 0.0418 0.5843 0.0837 0.2206 
0 0.5556 0.96 0.7342 0.0785 0.3694 
0 0.5113 0.4205 0.5446 0.036 0.0515 
0 0.4877 0.6418 0.559 0.0612 0.0815 
0 0.4474 0.3482 0.5527 0.0459 0.0584 
0 0.4362 0.2874 0.5714 0.0743 0.1014 
0 0.4334 0.5775 0.5566 0.0215 0.0503 
0 0.3171 0.5756 0.5319 0.0307 0.0529 
0 0.3126 0.5691 0.5551 0.0531 0.095 
0 0.2864 0.6538 0.5624 0.0306 0.0578 
0 0.2785 0.7225 0.5697 0.0598 0.0886 
0 0.2732 0.4305 0.5449 0.0179 0.0448 
