0 0.7978 0.7905 0.355 0.2689 0.3756 
0 0.7961 0.4876 0.429 0.2021 0.2977 
0 0.6657 0.1742 0.4006 0.1403 0.1414 
0 0.6302 0.0639 0.4935 0.1278 0.4236 
0 0.4696 0.3598 0.36 0.0798 0.1247 
0 0.4181 0.6332 0.3584 0.0853 0.1443 
0 0.4049 0.6369 0.3619 0.052 0.0926 
0 0.3859 0.6361 0.4056 0.0625 0.1109 
0 0.3569 0.1186 0.4212 0.1271 0.2028 
0 0.3459 0.5876 0.3574 0.0431 0.0723 
0 0.3392 0.2796 0.3576 0.05 0.0759 
0 0.3007 0.5755 0.3507 0.0262 0.0477 
0 0.2929 0.4031 0.3624 0.069 0.1309 
0 0.2744 0.4036 0.3497 0.04 0.0636 
0 0.2686 0.357 0.3897 0.0564 0.0825 
0 0.2658 0.1834 0.2768 0.2366 0.3531 
0 0.2569 0.5917 0.3983 0.0418 0.0813 
