0 0.7732 0.8253 0.6478 0.2589 0.2418 
0 0.6517 0.1296 0.5869 0.146 0.1535 
0 0.5355 0.9676 0.5823 0.0632 0.0757 
0 0.5284 0.3477 0.5841 0.0896 0.1019 
0 0.4764 0.273 0.5709 0.0544 0.0612 
0 0.4613 0.9673 0.7309 0.0473 0.5203 
0 0.4558 0.0378 0.5799 0.0661 0.111 
0 0.4547 0.4878 0.5712 0.0497 0.0667 
0 0.4111 0.4214 0.5748 0.0603 0.0807 
0 0.3961 0.7112 0.5878 0.0519 0.0746 
0 0.3277 0.424 0.5739 0.0332 0.0443 
0 0.2908 0.6683 0.5892 0.0493 0.0563 
0 0.2667 0.1851 0.5798 0.248 0.239 
0 0.2619 0.2001 0.5757 0.0725 0.0734 
0 0.2547 0.6542 0.5836 0.0293 0.0411 
