0 0.8785 0.8724 0.6688 0.2536 0.45 
0 0.6653 0.6495 0.5764 0.1432 0.1712 
0 0.5107 0.0415 0.4921 0.083 0.1603 
0 0.4814 0.9335 0.7603 0.1314 0.4767 
0 0.4699 0.2069 0.4749 0.0914 0.0951 
0 0.437 0.5768 0.55 0.055 0.1128 
0 0.4318 0.1185 0.4742 0.0744 0.0703 
0 0.4066 0.562 0.5205 0.0471 0.0859 
0 0.3788 0.3478 0.4903 0.031 0.0392 
0 0.3411 0.2542 0.4804 0.078 0.0832 
0 0.3389 0.4233 0.4935 0.0211 0.0344 
0 0.3272 0.4996 0.5015 0.0214 0.0445 
0 0.2927 0.7159 0.5807 0.1232 0.2079 
0 0.2819 0.5101 0.5068 0.0296 0.0739 
0 0.2779 0.1888 0.4511 0.0573 0.0726 
0 0.2761 0.5748 0.5087 0.0284 0.0541 
