0 0.747 0.1856 0.6555 0.2709 0.218 
0 0.7124 0.4299 0.6446 0.086 0.1102 
0 0.5801 0.0418 0.7947 0.0786 0.4077 
0 0.4717 0.3469 0.6335 0.0736 0.0789 
0 0.4233 0.2659 0.6441 0.1302 0.1442 
0 0.3074 0.0437 0.6551 0.0729 0.2353 
0 0.3046 0.3479 0.6078 0.0466 0.0494 
0 0.3027 0.4888 0.628 0.0358 0.0539 
0 0.2941 0.4989 0.6103 0.0259 0.0346 
0 0.2851 0.281 0.6392 0.0692 0.0872 
0 0.2798 0.034 0.6457 0.0547 0.1001 
0 0.2738 0.7326 0.6364 0.0474 0.0804 
0 0.2526 0.3473 0.6372 0.0322 0.0493 
0 0.2504 0.5008 0.6345 0.0231 0.0393 
