0 0.8353 0.1283 0.7259 0.2521 0.347 
0 0.7823 0.4495 0.7047 0.1544 0.1913 
0 0.7551 0.8872 0.6621 0.2241 0.2671 
0 0.7525 0.6488 0.6747 0.1707 0.197 
0 0.4314 0.571 0.65 0.0548 0.0754 
0 0.4125 0.9541 0.7195 0.0842 0.2497 
0 0.4104 0.3434 0.6472 0.0536 0.0716 
0 0.3725 0.7956 0.66 0.0615 0.086 
0 0.3702 0.8134 0.671 0.1167 0.1509 
0 0.3271 0.5764 0.6495 0.0337 0.0482 
0 0.3017 0.3431 0.6044 0.0348 0.0589 
0 0.2951 0.3452 0.6494 0.0283 0.0492 
0 0.2723 0.5753 0.6577 0.0848 0.1274 
0 0.2705 0.7384 0.6542 0.0524 0.0697 
