0 0.7777 0.8642 0.3333 0.2052 0.2292 
0 0.7266 0.523 0.2802 0.087 0.1808 
0 0.6866 0.7205 0.2824 0.0967 0.1553 
0 0.5681 0.6539 0.2587 0.0462 0.1047 
0 0.5671 0.1026 0.2046 0.1111 0.1524 
0 0.525 0.3392 0.2421 0.0691 0.0846 
0 0.5224 0.7907 0.2963 0.1212 0.2064 
0 0.4947 0.418 0.2378 0.039 0.0626 
0 0.4619 0.1083 0.242 0.0701 0.0777 
0 0.4551 0.6533 0.2593 0.0238 0.0809 
0 0.4449 0.421 0.224 0.0225 0.0409 
0 0.3796 0.6361 0.2217 0.0322 0.0932 
0 0.348 0.3554 0.2237 0.0429 0.0638 
0 0.3376 0.5785 0.2532 0.0157 0.0489 
0 0.3303 0.4245 0.2445 0.0215 0.0451 
0 0.3211 0.583 0.217 0.0175 0.0503 
0 0.308 0.5743 0.2612 0.0474 0.1094 
0 0.3047 0.9677 0.411 0.0495 0.3843 
0 0.3044 0.4315 0.2417 0.0262 0.0699 
0 0.3007 0.5776 0.2075 0.0152 0.0518 
0 0.2899 0.5877 0.2481 0.0246 0.0647 
0 0.2578 0.4309 0.2192 0.0118 0.0355 
0 0.2566 0.0536 0.2032 0.0685 0.148 
0 0.2525 0.3464 0.2492 0.0281 0.0604 
