0 0.8371 0.877 0.5818 0.2444 0.458 
0 0.8064 0.4797 0.507 0.1781 0.2275 
0 0.7049 0.6644 0.5062 0.1641 0.1647 
0 0.6696 0.055 0.5144 0.1099 0.1896 
0 0.441 0.346 0.4884 0.0553 0.0738 
0 0.393 0.2765 0.4842 0.0483 0.0578 
0 0.3829 0.7208 0.5069 0.1351 0.1362 
0 0.3313 0.3463 0.4887 0.0282 0.0473 
0 0.3294 0.0345 0.5628 0.0666 0.1447 
0 0.3289 0.7338 0.4993 0.0645 0.074 
0 0.3218 0.4162 0.4988 0.0874 0.1466 
0 0.3094 0.9655 0.7302 0.0638 0.479 
0 0.2929 0.5808 0.4806 0.047 0.0735 
0 0.2721 0.655 0.4933 0.0804 0.0903 
0 0.2671 0.0986 0.5508 0.1053 0.1297 
0 0.2523 0.4015 0.4795 0.0404 0.0749 
