0 0.65 0.125 0.7387 0.2306 0.4176 
0 0.5457 0.6415 0.6598 0.094 0.1651 
0 0.5385 0.5762 0.6446 0.0447 0.1067 
0 0.5264 0.721 0.6748 0.1133 0.2254 
0 0.4984 0.2727 0.6741 0.0628 0.0814 
0 0.4896 0.3408 0.6572 0.0453 0.0728 
0 0.4656 0.7989 0.7269 0.1129 0.2641 
0 0.4543 0.5072 0.6293 0.0267 0.0579 
0 0.3866 0.726 0.7298 0.0652 0.1499 
0 0.3445 0.4202 0.6316 0.025 0.0461 
0 0.3328 0.4952 0.6077 0.0226 0.0448 
0 0.3179 0.1993 0.67 0.1297 0.1334 
0 0.2858 0.5581 0.6087 0.0352 0.0894 
0 0.2758 0.0433 0.8728 0.0866 0.2515 
0 0.2745 0.272 0.6647 0.0326 0.0504 
0 0.2501 0.4301 0.6067 0.0203 0.034 
