0 0.7897 0.119 0.7445 0.2128 0.3434 
0 0.7254 0.7967 0.724 0.2683 0.3036 
0 0.6501 0.6487 0.6626 0.1377 0.2165 
0 0.5455 0.2045 0.7205 0.1126 0.2075 
0 0.5453 0.4867 0.6522 0.1032 0.1633 
0 0.5329 0.2417 0.7039 0.0939 0.1684 
0 0.5171 0.4454 0.6616 0.0951 0.1566 
0 0.5091 0.5696 0.645 0.0605 0.1141 
0 0.3812 0.2709 0.6618 0.0611 0.0898 
0 0.3736 0.3454 0.6461 0.0509 0.0688 
0 0.2931 0.3473 0.6486 0.0293 0.0442 
0 0.2908 0.5008 0.6448 0.0522 0.0807 
0 0.2901 0.0499 0.7973 0.0599 0.4027 
0 0.2762 0.422 0.6484 0.05 0.0729 
0 0.2745 0.4233 0.6454 0.0259 0.042 
0 0.266 0.5014 0.6449 0.0241 0.0466 
