0 0.7532 0.8731 0.6661 0.2522 0.4542 
0 0.615 0.0479 0.7432 0.0957 0.23 
0 0.582 0.6622 0.6753 0.1154 0.1466 
0 0.5379 0.1125 0.7319 0.1278 0.1678 
0 0.5092 0.1834 0.7083 0.0876 0.1308 
0 0.4798 0.5789 0.6414 0.0381 0.0741 
0 0.4669 0.7193 0.7111 0.1294 0.1903 
0 0.4562 0.2025 0.6778 0.0615 0.0942 
0 0.4113 0.271 0.6726 0.043 0.0769 
0 0.4007 0.3435 0.6585 0.0305 0.0554 
0 0.3841 0.1232 0.7297 0.0756 0.1041 
0 0.3661 0.2577 0.7006 0.044 0.0692 
0 0.3594 0.0351 0.8017 0.0621 0.1824 
0 0.3417 0.4196 0.6433 0.023 0.0447 
0 0.3038 0.5001 0.6399 0.0191 0.0356 
0 0.2642 0.1926 0.7175 0.029 0.0677 
0 0.2522 0.3518 0.6504 0.0175 0.0496 
