0 0.7079 0.1062 0.808 0.1667 0.3813 
0 0.6873 0.8796 0.6557 0.2392 0.3715 
0 0.6414 0.6408 0.6448 0.1437 0.1385 
0 0.5018 0.5803 0.6315 0.0629 0.0891 
0 0.4884 0.2664 0.6561 0.0577 0.0685 
0 0.466 0.3623 0.6365 0.0791 0.1307 
0 0.46 0.1935 0.6718 0.0697 0.0686 
0 0.3828 0.7175 0.6589 0.1715 0.1514 
0 0.3668 0.4195 0.6222 0.0375 0.056 
0 0.3496 0.049 0.8065 0.0981 0.3049 
0 0.3409 0.3464 0.6366 0.061 0.0784 
0 0.3404 0.5042 0.62 0.0292 0.044 
0 0.3331 0.8021 0.7192 0.1859 0.215 
0 0.3321 0.5583 0.6083 0.0437 0.0755 
0 0.3314 0.0348 0.7208 0.0679 0.0946 
0 0.3219 0.1026 0.7248 0.1173 0.1657 
0 0.3198 0.5756 0.6365 0.029 0.0673 
0 0.3196 0.4303 0.61 0.0244 0.0332 
0 0.2982 0.4964 0.6097 0.0238 0.0335 
0 0.2708 0.1177 0.7086 0.0765 0.0655 
