0 0.8274 0.8947 0.5734 0.2091 0.3407 
0 0.7557 0.7334 0.5131 0.1491 0.1701 
0 0.711 0.2024 0.5019 0.3134 0.4023 
0 0.6871 0.5127 0.52 0.1486 0.2005 
0 0.4928 0.6428 0.4937 0.0997 0.1229 
0 0.4888 0.4114 0.4986 0.1024 0.1483 
0 0.4382 0.354 0.4961 0.0985 0.1975 
0 0.3775 0.7277 0.4972 0.0947 0.1038 
0 0.3627 0.5906 0.4883 0.0511 0.0784 
0 0.3405 0.5867 0.4985 0.0854 0.1301 
0 0.324 0.5806 0.4427 0.0426 0.0532 
0 0.3129 0.3606 0.4952 0.0586 0.1296 
0 0.3105 0.5778 0.4906 0.0259 0.0537 
0 0.267 0.7907 0.5049 0.1109 0.1557 
