0 0.7679 0.8058 0.5174 0.3193 0.2753 
0 0.7158 0.4813 0.5161 0.132 0.1976 
0 0.6812 0.2525 0.5441 0.1111 0.1314 
0 0.6413 0.0397 0.5691 0.0794 0.2644 
0 0.4944 0.1143 0.5111 0.1012 0.1329 
0 0.3975 0.3494 0.4913 0.0364 0.0547 
0 0.3869 0.1842 0.5014 0.0528 0.0703 
0 0.3444 0.2726 0.5039 0.0589 0.0843 
0 0.344 0.0406 0.5079 0.0725 0.0997 
0 0.334 0.9592 0.4905 0.08 0.203 
0 0.3316 0.4065 0.4914 0.0331 0.0684 
0 0.329 0.642 0.485 0.0462 0.1055 
0 0.326 0.192 0.4997 0.0327 0.044 
0 0.3071 0.4213 0.4917 0.0229 0.0464 
0 0.2662 0.5779 0.4857 0.0434 0.0687 
0 0.264 0.4285 0.5042 0.0487 0.1114 
