0 0.7465 0.4421 0.4872 0.1077 0.167 
0 0.5959 0.8801 0.5645 0.2383 0.2763 
0 0.5955 0.1294 0.4309 0.2587 0.49 
0 0.4737 0.5672 0.4796 0.0674 0.0748 
0 0.4052 0.0405 0.5726 0.0748 0.3789 
0 0.3984 0.9538 0.5666 0.0909 0.2814 
0 0.3798 0.2747 0.4678 0.0362 0.0512 
0 0.3681 0.4257 0.4807 0.0686 0.0996 
0 0.3598 0.8853 0.4175 0.0407 0.0384 
0 0.3503 0.2812 0.451 0.0324 0.047 
0 0.3467 0.7289 0.4857 0.1717 0.1304 
0 0.3256 0.8017 0.4911 0.2014 0.16 
0 0.3229 0.8125 0.418 0.0728 0.0622 
0 0.313 0.8043 0.4282 0.1239 0.1026 
0 0.309 0.5026 0.4512 0.039 0.0557 
0 0.3043 0.5077 0.473 0.0398 0.0596 
0 0.2943 0.6438 0.4805 0.0747 0.0712 
0 0.2919 0.5766 0.4849 0.0337 0.0508 
0 0.2811 0.2714 0.4427 0.0232 0.0423 
0 0.2707 0.3459 0.4429 0.0179 0.0319 
0 0.2573 0.5033 0.4498 0.0639 0.0885 
