0 0.8387 0.8859 0.5695 0.2266 0.331 
0 0.5163 0.7218 0.5134 0.068 0.0794 
0 0.5011 0.5274 0.5032 0.0683 0.1243 
0 0.4852 0.7999 0.5121 0.1461 0.2174 
0 0.4589 0.1135 0.4961 0.227 0.3188 
0 0.3871 0.5638 0.5092 0.0681 0.1066 
0 0.3829 0.6542 0.5006 0.0305 0.0391 
0 0.3199 0.3441 0.4709 0.0441 0.0484 
0 0.3133 0.1966 0.4819 0.1325 0.1642 
0 0.3059 0.0443 0.4991 0.0885 0.2512 
0 0.282 0.0337 0.4331 0.0599 0.0801 
0 0.2743 0.5049 0.4932 0.0495 0.0747 
0 0.2734 0.2661 0.4771 0.1135 0.1319 
0 0.266 0.5779 0.4932 0.0234 0.0339 
0 0.2574 0.7303 0.5044 0.0416 0.0503 
