0 0.818 0.8831 0.593 0.2323 0.4124 
0 0.787 0.7265 0.5174 0.2186 0.2442 
0 0.6126 0.1908 0.4913 0.1366 0.1843 
0 0.6037 0.6457 0.5117 0.146 0.2109 
0 0.5879 0.3411 0.4851 0.1152 0.1634 
0 0.5538 0.5745 0.4918 0.1006 0.1694 
0 0.5054 0.257 0.487 0.1339 0.1619 
0 0.502 0.4986 0.4779 0.0847 0.1405 
0 0.4399 0.1302 0.4922 0.1419 0.1653 
0 0.412 0.3441 0.4825 0.0696 0.1053 
0 0.3861 0.4296 0.4767 0.077 0.1339 
0 0.3182 0.4278 0.4458 0.04 0.0715 
0 0.3069 0.4938 0.4478 0.0441 0.0802 
0 0.267 0.7914 0.5681 0.1177 0.2752 
0 0.2642 0.5614 0.4505 0.0473 0.096 
0 0.2628 0.3527 0.4416 0.0466 0.0724 
